Sp_ID, 2MASS_ID, Gaia_ID, RA, DEC, G, I, J, H, K, Dis, e_Dis, M, e_M, R, e_R,  T_eff, e_Teff, SpT, e_Spt, SNR_TESS_temp, SNR_Spec_temp, SNR_TESS_HZ, SNR_Spec_HZ, SNR_JWST_HZ_tr,  SNR_JWST_HZ_occ, SNR_JWST_temp_occ
Sp0049-0635  00000000-0000000 0000000000000000000  12.3615417  -6.5963083 50.00 16.39 13.34 50.00 12.10 21.7400  4.7300 0.08 0.01 0.10 0.03 2395.  145.  9.0  1.0   1.64 10.06  1.16  7.11  4.39  1.51  4.58
Sp0251-0352  00000000-0000000 0000000000000000000  42.8120833  -3.8794278 50.00 16.58 13.06 50.00 11.66 11.0400  0.3700 0.07 0.01 0.11 0.02 1822.  132. 13.0  1.0   1.52 11.50  1.07  8.13  4.25  2.82  8.57
Sp0339+2457  00000000-0000000 0000000000000000000  54.9701667  24.9575083 50.00 15.30 12.84 50.00 11.74 19.2700  1.9300 0.08 0.00 0.10 0.02 2539.  144.  8.0  1.0   3.78 14.98  2.67 10.59  5.15  1.56  4.75
Sp0409-0605  00000000-0000000 0000000000000000000  62.3410417  -6.0885167 50.00 14.89 12.74 50.00 11.84 22.7300  5.1700 0.09 0.01 0.10 0.03 2683.  146.  7.0  1.0   3.94 13.28  2.78  9.39  4.41  1.23  3.76
Sp0720-0846  00000000-0000000 0000000000000000000 110.0135417  -8.7803028 50.00 13.68 10.63 50.00  9.47  6.7200  0.0500 0.08 0.00 0.10 0.02 2395.  145.  9.0  1.0  14.73 24.67 10.42 17.45  7.37  3.91 12.13
Sp0903+0540  00000000-0000000 0000000000000000000 135.8373333   5.6705694 50.00 12.92 10.77 50.00  9.84 11.0000  1.0000 0.10 0.01 0.13 0.02 2683.  146.  7.0  1.0  13.52 15.49  9.56 10.95  5.11  2.12  6.59
Sp0923-2300  00000000-0000000 0000000000000000000 140.7623333 -23.0114028 50.00 13.36 10.90 50.00 10.35 11.0000  1.0000 0.08 0.00 0.13 0.02 2539.  144.  8.0  1.0   9.79 14.03  6.92  9.92  4.21  1.72  5.35
Sp1056+0700  00000000-0000000 0000000000000000000 164.1207917   7.0144444 50.00  9.02  7.09 50.00  6.09  2.4200  0.0100 0.11 0.00 0.13 0.02 2831.  154.  6.0  1.0 134.96 15.24 95.43 10.78  5.66  3.90 12.79
Sp1439+1929  00000000-0000000 0000000000000000000 219.8681667  19.4872472 50.00 16.20 12.76 50.00 11.55 14.3700  0.1000 0.08 0.00 0.11 0.02 2102.  145. 11.0  1.0   1.79 11.91  1.27  8.42  4.19  2.05  6.27
Sp1444-2019  00000000-0000000 0000000000000000000 221.0861250 -20.3227833 50.00 15.60 12.55 50.00 11.94 16.3400  1.3600 0.07 0.00 0.11 0.02 2395.  145.  9.0  1.0   2.87 14.30  2.03 10.11  4.17  1.47  4.48
Sp1512-1032  00000000-0000000 0000000000000000000 228.1387083 -10.5448472 50.00 15.62 13.16 50.00 12.02 23.2600  5.9500 0.08 0.01 0.10 0.03 2539.  144.  8.0  1.0   2.95 11.15  2.08  7.89  4.37  1.29  3.94
Sp1756-4518  00000000-0000000 0000000000000000000 269.1234583 -45.3061222 50.00 15.44 12.39 50.00 11.26 17.5400  2.7700 0.09 0.01 0.12 0.03 2395.  145.  9.0  1.0   2.33 11.58  1.65  8.19  4.02  1.56  4.80
Sp2151-1141  00000000-0000000 0000000000000000000 327.7921250 -11.6883667 50.00 14.25 12.10 50.00 11.08 20.0000  2.0000 0.10 0.01 0.12 0.02 2683.  146.  7.0  1.0   5.37 12.55  3.79  8.87  4.15  1.31  4.05
Sp1128+0141  00000000-0000000 0000000000000000000 172.0292500   1.6916806 50.00 13.47 11.54 50.00 10.63 19.0000  2.0000 0.11 0.01 0.13 0.02 2831.  154.  6.0  1.0   8.83 12.53  6.25  8.86  4.21  1.35  4.19
Sp0002+0115  00020623+0115360 2738415592529108096   0.5259069   1.2600395 16.34 14.22 12.17 11.54 11.13 20.8100  0.0605 0.10 0.00 0.12 0.01 2749.  105.  6.5  1.0   6.06 13.40  4.29 10.45  4.48  1.34  4.13
Sp0004-4044  00043484-4044058 4996141155411984128   1.1461910 -40.7351291 18.35 16.53 13.11 12.05 11.40 12.1811  0.0559 0.07 0.00 0.09 0.01 2041.  105. 11.4  1.1   2.13 15.98  1.51 11.30  6.52  3.34 10.12
Sp0004-2058  00044144-2058298 2340736324254735488   1.1730139 -20.9749664 16.87 15.55 12.40 11.83 11.40 15.0751  0.0367 0.08 0.00 0.11 0.01 2329.  104.  9.4  1.1   2.76 14.16  1.95 10.01  4.57  1.83  5.60
Sp0006-0732  00064325-0732147 2441630500517079808   1.6799580  -7.5380623 11.78 10.12  8.32  7.79  7.44  4.8493  0.0030 0.12 0.00 0.14 0.02 2964.  105.  5.2  0.9  67.44 11.71 47.68 11.33  4.56  2.72  8.85
Sp0008+4918  00085512+4918561 393621524910343296    2.2306785  49.3156445 14.41 12.70 10.86 10.32  9.98 14.7611  0.0170 0.11 0.00 0.14 0.02 2927.  104.  5.4  1.0  11.97 12.01  8.46 11.22  4.24  1.52  4.76
Sp0011+5908  00113182+5908400 423027104407576576    2.8788798  59.1444124 13.49 11.81  9.95  9.39  9.09  9.3091  0.0056 0.11 0.00 0.13 0.02 2902.  105.  5.5  1.0  27.85 13.23 19.69 12.10  4.83  2.18  6.87
Sp0015+3516  00154476+3516026 2876239130257160960   3.9366105  35.2673998 18.68 17.29 13.88 12.89 12.26 17.0624  0.1067 0.07 0.00 0.09 0.01 1998.  105. 11.7  1.1   1.20  8.36  0.85  5.91  4.51  2.28  6.91
Sp0019+5213  00194579+5213179 419121948343397888    4.9418277  52.2215512 17.35 15.46 12.79 12.07 11.62 19.9562  0.0717 0.08 0.00 0.11 0.01 2489.  105.  8.3  1.1   2.90 12.54  2.05  8.87  4.54  1.49  4.54
Sp0020+3305  00202922+3305081 2863419584886542080   5.1234310  33.0851189 13.96 12.04 10.28  9.69  9.33 12.2502  0.0175 0.12 0.00 0.14 0.02 2999.  104.  5.0  0.9  20.80 11.12 14.71 10.87  4.18  1.71  5.40
Sp0025+5422  00251602+5422547 419624356438705152    6.3157658  54.3819181 15.74 13.91 11.78 11.21 10.82 16.8199  0.0330 0.09 0.00 0.12 0.01 2695.  105.  6.9  1.1   9.16 14.64  6.48 11.34  4.71  1.54  4.76
Sp0026-5428  00265632-5428530 4923179694098110848   6.7358002 -54.4813334 16.84 14.50 12.46 11.73 11.34 22.9403  0.0753 0.10 0.00 0.11 0.01 2758.  105.  6.5  1.0   4.66 12.90  3.29  9.79  4.54  1.30  3.98
Sp0027-5401  00272343-5401461 4923251780829182080   6.8489207 -54.0294586 16.47 14.32 12.36 11.71 11.34 24.3229  0.0543 0.10 0.00 0.12 0.01 2815.  105.  6.1  1.0   4.87 11.63  3.44  9.51  4.04  1.13  3.49
Sp0036+1821  00361617+1821104 2794735086363871360   9.0673410  18.3528589 17.52 15.89 12.47 11.59 11.06  8.7400  0.0159 0.07 0.02 0.09 0.01 1940.  105. 12.1  1.1   3.91 20.05  2.76 14.17  6.24  3.75 11.41
Sp0051-2254  00513516-2254307 2349206343359507584  12.8968407 -22.9085875 14.39 12.72 10.90 10.34 10.04 15.3650  0.0263 0.11 0.00 0.14 0.02 2950.  105.  5.2  0.9  11.51 11.70  8.14 11.11  4.14  1.45  4.53
Sp0102-3737  01025100-3737438 4989399774745144448  15.7143748 -37.6288257 15.37 13.35 11.13 10.48 10.07 11.3807  0.0151 0.09 0.00 0.11 0.01 2648.  105.  7.2  1.1  13.13 18.39  9.29 13.45  5.92  2.31  7.13
Sp0109-5100  01090150-5100494 4928644747924606848  17.2568975 -51.0137235 16.67 14.82 12.23 11.54 11.09 15.9102  0.0286 0.09 0.00 0.11 0.01 2507.  105.  8.2  1.1   4.18 15.72  2.95 11.11  5.17  1.79  5.48
Sp0109+2949  01092170+2949255 309977380415042432   17.3418050  29.8240109 17.60 16.19 12.91 12.16 11.68 15.9280  0.0620 0.08 0.00 0.10 0.01 2241.  105. 10.1  1.1   2.11 13.61  1.49  9.62  4.83  2.01  6.13
Sp0109-0343  01095117-0343264 2531195858721613056  17.4633464  -3.7239975 16.35 14.75 11.69 10.93 10.43 10.5935  0.0357 0.08 0.00 0.10 0.01 2388.  105.  9.1  1.1   5.22 21.81  3.69 15.42  6.65  2.89  8.86
Sp0111-4908  01114752-4908087 4929042942932181888  17.9473574 -49.1357943 15.34 13.44 11.54 11.00 10.61 18.6107  0.0312 0.11 0.00 0.13 0.02 2864.  104.  5.8  1.0   8.67 12.21  6.13 10.79  4.15  1.32  4.10
Sp0144-0716  01443536-0716142 2467182154313027712  26.1475328  -7.2706428 19.63 17.89 14.19 13.01 12.27 12.6531  0.0999 0.07 0.01 0.08 0.01 1712.  105. 13.9  1.3   1.16  7.99  0.82  5.65  4.64  3.37 10.17
Sp0148-3024  01483864-3024396 5022239300847947136  27.1608755 -30.4109914 16.60 14.23 12.30 11.65 11.23 24.3317  0.2547 0.11 0.00 0.12 0.01 2840.  105.  5.9  1.0   5.32 11.60  3.76  9.63  4.06  1.14  3.53
Sp0158+1807  01581572+1807128 91196316201965184    29.5654808  18.1202508 15.66 14.00 11.97 11.39 11.07 19.6684  0.0694 0.10 0.00 0.12 0.01 2760.  105.  6.5  1.0   8.33 13.63  5.89 10.98  4.35  1.32  4.06
Sp0202+1020  02021620+1020136 2571094283835172736  30.5676289  10.3372094 13.46 11.66  9.84  9.25  8.93  9.2138  0.0103 0.11 0.00 0.14 0.02 2942.  104.  5.3  0.9  28.17 12.70 19.92 11.84  4.74  2.17  6.89
Sp0207-3721  02071403-3721502 4967628688601251200  31.8089877 -37.3639740 16.63 14.55 12.44 11.83 11.38 22.7052  0.0634 0.10 0.00 0.12 0.01 2711.  105.  6.8  1.1   4.18 12.06  2.96  9.22  4.21  1.24  3.80
Sp0214-0357  02141251-0357434 2492866780297999232  33.5523498  -3.9621060 14.17 12.28 10.48  9.86  9.48 12.4917  0.0282 0.12 0.00 0.14 0.02 2960.  104.  5.2  0.9  17.28 12.33 12.22 11.50  4.54  1.80  5.65
Sp0215-3040  02150802-3040011 4971892010576979840  33.7840486 -30.6670547 15.86 13.85 11.62 10.95 10.54 14.0625  0.0297 0.09 0.00 0.11 0.01 2642.  105.  7.3  1.1  10.71 17.09  7.57 12.40  5.51  1.94  5.97
Sp0216+1335  02162977+1335136 74203982469858816    34.1244449  13.5868879 13.58 11.72  9.87  9.31  8.98  9.1072  0.0160 0.11 0.00 0.14 0.02 2913.  104.  5.5  1.0  28.33 13.04 20.03 11.98  4.81  2.21  6.99
Sp0217+3526  02170993+3526330 327944328126649856   34.2922822  35.4423756 13.72 11.76  9.98  9.35  9.01 10.3392  0.0119 0.12 0.00 0.14 0.02 2991.  104.  5.0  0.9  25.41 11.89 17.97 11.40  4.50  1.98  6.27
Sp0219+5919  02195603+5919273 459215468053012096   34.9838768  59.3242480 15.18 13.17 11.34 10.76 10.41 18.1380  0.0334 0.11 0.00 0.14 0.02 2930.  105.  5.4  0.9   9.12 11.72  6.45 10.84  4.07  1.31  4.08
Sp0222-2732  02224767-2732349 5116817882319879936  35.6985082 -27.5430860 16.33 14.41 12.05 11.50 11.10 17.0079  0.0357 0.09 0.00 0.12 0.01 2586.  105.  7.7  1.1   5.05 14.44  3.57 10.53  4.53  1.50  4.61
Sp0225+6229  02252626+6229583 513688675702458880   36.3609044  62.4994631 16.09 14.03 12.05 11.40 11.02 20.6065  0.0372 0.10 0.00 0.12 0.01 2797.  105.  6.2  1.0   7.95 13.54  5.62 10.91  4.48  1.33  4.11
Sp0227-1624  02271036-1624479 5145416111038393216  36.7931333 -16.4132367 18.40 16.80 13.57 12.63 12.14 20.4951  0.1421 0.08 0.00 0.09 0.01 2273.  105.  9.8  1.1   1.34  9.47  0.95  6.69  4.65  1.79  5.43
Sp0228+1639  02284243+1639329 82493612948013824    37.1769166  16.6591627 17.81 15.95 13.17 12.32 11.82 21.7175  0.1936 0.08 0.00 0.10 0.01 2459.  105.  8.6  1.1   2.65 11.13  1.88  7.87  4.67  1.53  4.67
Sp0228-6325  02284355-6325052 4700401321000355712  37.1844347 -63.4182212 18.28 16.81 13.56 12.75 12.25 21.2308  0.1026 0.08 0.00 0.10 0.01 2256.  105.  9.9  1.1   1.19  8.50  0.84  6.01  4.08  1.60  4.85
Sp0230+1648  02302486+1648262 82512476444934528    37.6037795  16.8070028 15.41 13.81 11.86 11.27 10.98 19.8409  0.0570 0.10 0.00 0.12 0.02 2815.  104.  6.1  1.0   8.38 13.03  5.92 10.96  4.24  1.27  3.94
Sp0246+1625  02463486+1625115 33732162042339072    41.6444899  16.4195029 14.58 12.93 10.97 10.52 10.19 13.9947  0.0233 0.10 0.00 0.13 0.02 2813.  105.  6.1  1.0  11.52 13.26  8.15 11.62  4.44  1.61  5.00
Sp0248-1651  02484100-1651216 5156623295621846016  42.1708225 -16.8561424 16.87 14.70 12.55 11.87 11.42 22.4462  0.0742 0.09 0.00 0.11 0.01 2682.  105.  7.0  1.1   3.94 12.37  2.79  9.10  4.41  1.30  4.00
Sp0253+1652  02530084+1652532 35227046884571776    43.2543788  16.8812900 12.27 10.45  8.39  7.88  7.58  3.8312  0.0039 0.09 0.00 0.12 0.02 2744.  105.  6.6  1.0  72.19 16.91 51.05 13.77  6.05  3.82 12.33
Sp0253+2713  02532028+2713332 116297651268418304   43.3349728  27.2259741 16.68 14.62 12.50 11.87 11.48 22.8786  0.1954 0.09 0.00 0.12 0.01 2700.  105.  6.9  1.1   3.98 11.98  2.82  9.09  4.15  1.21  3.72
Sp0253-7959  02534448-7959133 4620448786799883136  43.4368924 -79.9870169 15.08 13.19 11.34 10.74 10.38 17.5128  0.0218 0.11 0.00 0.13 0.02 2911.  104.  5.5  1.0   9.56 12.35  6.76 11.15  4.28  1.39  4.33
Sp0254-1934  02540582-1934523 5128049359237940224  43.5242651 -19.5811729 17.65 15.65 13.08 12.36 11.91 23.3390  0.1924 0.09 0.00 0.11 0.01 2512.  105.  8.2  1.1   2.58 10.55  1.83  7.46  4.10  1.27  3.88
Sp0255-4700  02550357-4700509 4752399493622045696  43.7674256 -47.0142628 18.61 17.29 13.25 12.20 11.56  4.8703  0.0060 0.04 0.02 0.09 0.02 1335.  104. 18.0  3.0   1.57 11.80  1.11  8.35  5.02  7.25 22.05
Sp0302-3950  03020638-3950516 5044297634405581696  45.5257732 -39.8477529 14.02 12.52 10.71 10.18  9.88 14.2650  0.0127 0.11 0.00 0.14 0.02 2950.  104.  5.2  0.9  12.98 11.41  9.18 10.98  4.09  1.50  4.69
Sp0306-3647  03061159-3647528 5047423236725995136  46.5481457 -36.7980146 16.02 14.15 11.69 11.07 10.63 13.2551  0.0170 0.09 0.00 0.11 0.01 2539.  105.  8.0  1.1   7.99 17.31  5.65 12.24  5.42  1.99  6.11
Sp0314+1603  03140344+1603056 31235033696866688    48.5142992  16.0515210 17.23 15.81 12.53 11.82 11.24 13.6185  0.0511 0.08 0.00 0.10 0.01 2239.  105. 10.1  1.1   2.95 15.61  2.09 11.03  5.35  2.35  7.19
Sp0314+2840  03141241+2840411 121843656638575872   48.5521396  28.6776549 14.61 12.86 10.99 10.43 10.09 14.9266  0.0257 0.11 0.00 0.13 0.02 2899.  104.  5.6  1.0  11.57 12.82  8.18 11.60  4.44  1.56  4.87
Sp0320-0446  03202839-0446358 5182151481717042944  50.1181615  -4.7767830 17.91 16.46 13.26 12.54 12.13 20.0367  0.2002 0.08 0.00 0.10 0.01 2293.  105.  9.7  1.1   1.45  9.78  1.02  6.92  4.01  1.53  4.66
Sp0320+1854  03205965+1854233 56252256123908096    50.2488814  18.9063256 16.13 14.02 11.76 11.07 10.64 14.6459  0.0314 0.09 0.00 0.11 0.01 2632.  105.  7.3  1.1  10.10 17.19  7.14 12.26  5.54  1.91  5.89
Sp0328+1129  03283463+1129515 16386404041502592    52.1443971  11.4976922 16.86 15.04 12.46 11.78 11.33 17.8865  0.0526 0.09 0.00 0.11 0.01 2511.  105.  8.2  1.1   3.51 13.86  2.48  9.80  4.79  1.59  4.88
Sp0330+5413  03304890+5413551 445100418805396608   52.7032454  54.2319890 13.74 12.01 10.17  9.60  9.28 10.4940  0.0093 0.11 0.00 0.13 0.02 2922.  104.  5.4  1.0  25.07 12.94 17.73 11.92  4.73  2.01  6.34
Sp0331-3042  03313025-3042383 5055805741577757824  52.8761044 -30.7107841 15.65 13.60 11.36 10.70 10.26 12.5128  0.0178 0.09 0.00 0.11 0.01 2642.  105.  7.3  1.1  11.88 17.87  8.40 12.96  5.78  2.16  6.66
Sp0334-2130  03341065-2130343 5100356956302641536  53.5444535 -21.5095533 15.80 13.80 11.91 11.30 10.87 21.6904  0.0574 0.11 0.00 0.13 0.02 2876.  105.  5.7  1.0   7.77 12.18  5.50 10.55  4.12  1.22  3.77
Sp0335-0829  03353849-0829223 5165286828773802880  53.9109661  -8.4896648 13.87 12.11 10.38  9.80  9.46 13.0615  0.0226 0.12 0.00 0.15 0.02 3008.  104.  4.9  0.9  18.19 10.69 12.86 10.61  4.01  1.59  5.02
Sp0336-4430  03355969-4430453 4848140361962951552  54.0000397 -44.5127016 10.99  9.23  7.52  7.01  6.61  3.6732  0.0009 0.13 0.00 0.15 0.02 3017.  105.  4.8  0.9  84.15 10.19 59.51 10.39  4.06  2.58  8.51
Sp0339-3525  03393521-3525440 4860376345833699840  54.8971877 -35.4287857 15.47 13.90 10.72 10.02  9.55  6.4202  0.0041 0.08 0.00 0.10 0.01 2313.  105.  9.6  1.1  14.44 26.12 10.21 18.47  7.52  4.19 12.97
Sp0351-0052  03510004-0052452 3257243312560240000  57.7501140  -0.8791442 15.34 13.25 11.30 10.61 10.23 14.6989  0.0400 0.10 0.00 0.12 0.01 2819.  104.  6.1  1.0  11.86 15.63  8.39 12.63  5.33  1.84  5.69
Sp0352+0210  03521086+0210479 3270388416449237760  58.0452588   2.1800005 17.75 16.24 13.08 12.41 11.96 19.5319  0.0949 0.08 0.00 0.11 0.01 2322.  105.  9.5  1.1   1.73 10.85  1.22  7.67  4.08  1.54  4.69
Sp0354+2416  03544620+2416246 65829792677145344    58.6924406  24.2735080 14.39 12.37 10.59  9.94  9.57 13.2598  0.0333 0.12 0.00 0.14 0.02 2974.  104.  5.1  0.9  15.56 12.12 11.00 11.38  4.46  1.72  5.39
Sp0357+4107  03571999+4107426 230171768457140736   59.3329561  41.1285105 14.66 12.77 10.90 10.30  9.95 14.1131  0.0252 0.11 0.00 0.13 0.02 2901.  104.  5.5  1.0  12.69 13.28  8.98 11.87  4.66  1.68  5.25
Sp0401+2849  04013766+2849529 167202325215063168   60.4063552  28.8313088 18.47 16.86 13.41 12.43 11.82 12.4549  0.0406 0.07 0.02 0.09 0.01 1911.  105. 12.3  1.1   1.61 11.36  1.14  8.03  5.18  2.99  9.04
Sp0404+4127  04041807+4127398 230409022449384576   61.0752207  41.4610203 19.27 17.62 14.15 13.10 12.42 16.1939  0.1092 0.07 0.02 0.09 0.01 1874.  105. 12.6  1.1   1.12  7.54  0.79  5.33  4.24  2.47  7.46
Sp0416+1310  04164276+1310587 3310480909661217664  64.1781636  13.1828576 15.64 13.71 11.81 11.23 10.84 20.7874  0.0596 0.11 0.00 0.13 0.02 2867.  104.  5.8  1.0   7.95 12.12  5.62 10.59  4.08  1.23  3.80
Sp0417-0800  04173745-0800007 3192982561632526208  64.4062433  -8.0001664 16.41 14.46 12.18 11.54 11.09 18.0878  0.0527 0.09 0.00 0.11 0.01 2625.  105.  7.4  1.1   5.04 14.42  3.57 10.41  4.79  1.54  4.72
Sp0419+4233  04195212+4233304 229155579195699456   64.9680305  42.5584518 15.58 13.45 11.09 10.38  9.90 10.2093  0.0195 0.09 0.00 0.11 0.01 2590.  105.  7.7  1.1  13.92 20.38  9.85 14.41  6.51  2.68  8.29
Sp0420-7005  04201249-7005594 4654435618927743872  65.0543410 -70.0996165 14.84 13.03 11.19 10.59 10.25 16.5863  0.0268 0.11 0.00 0.13 0.02 2923.  104.  5.4  1.0  10.28 12.43  7.27 11.32  4.33  1.44  4.50
Sp0426+0336  04261992+0336359 3280675417175220224  66.5830844   3.6100484 15.57 13.73 11.62 11.07 10.69 16.0414  0.0426 0.09 0.00 0.12 0.01 2711.  105.  6.8  1.1   9.66 14.82  6.83 11.62  4.79  1.60  4.93
Sp0427+0859  04270723+0859027 3299496547982121216  66.7801872   8.9840818 17.41 15.46 12.92 12.19 11.73 21.7136  0.1199 0.09 0.00 0.11 0.01 2518.  105.  8.1  1.1   2.86 11.87  2.02  8.39  4.39  1.37  4.19
Sp0433+5635  04333002+5635320 277483990023898240   68.3754491  56.5923210 16.51 14.49 12.46 11.83 11.43 24.0978  0.1087 0.10 0.00 0.12 0.01 2762.  105.  6.5  1.0   4.25 11.73  3.01  9.24  4.10  1.16  3.58
Sp0435-1606  04351612-1606574 3171631420210205056  68.8173092 -16.1159039 14.63 12.31 10.41  9.78  9.35 10.5831  0.0283 0.11 0.00 0.13 0.02 2863.  105.  5.8  1.0  20.42 14.86 14.44 12.68  5.32  2.25  7.04
Sp0439+1615  04393163+1615447 3310083401849536384  69.8817450  16.2619325 13.57 11.82 10.14  9.53  9.19 11.9191  0.0101 0.13 0.00 0.15 0.02 3028.  104.  4.8  0.9  22.09 10.56 15.62 10.59  4.03  1.69  5.36
Sp0439-3235  04393407-3235516 4871414343064541824  69.8918530 -32.5976577 15.35 13.44 11.61 11.01 10.63 20.1665  0.0311 0.11 0.00 0.13 0.02 2925.  104.  5.4  0.9   8.20 11.67  5.80 10.63  4.01  1.23  3.81
Sp0440-0530  04402325-0530082 3200303384927512960  70.0969905  -5.5022581 14.93 12.76 10.66  9.99  9.54  9.7595  0.0101 0.10 0.00 0.11 0.01 2714.  105.  6.8  1.1  18.05 18.80 12.76 14.10  6.32  2.68  8.34
Sp0445-3048  04455387-3048204 4878035808244168832  71.4746823 -30.8057330 18.26 16.83 13.39 12.58 11.97 16.1372  0.0480 0.07 0.00 0.10 0.01 2076.  105. 11.2  1.1   1.32  9.91  0.93  7.01  4.53  2.16  6.54
Sp0449+5138  04490464+5138412 260343119139306240   72.2692667  51.6447476 15.94 13.77 11.82 11.10 10.75 18.3859  0.0478 0.10 0.00 0.12 0.01 2818.  105.  6.1  1.0   9.61 14.81  6.80 11.86  4.95  1.53  4.71
Sp0451+0305  04511406+0305285 3233120164884973824  72.8085978   3.0912470 17.00 14.85 12.73 12.06 11.70 25.1419  0.1111 0.09 0.00 0.11 0.01 2708.  105.  6.8  1.1   3.43 11.37  2.43  8.53  4.04  1.14  3.48
Sp0451-5818  04513734-5818519 4774420478143249536  72.9048962 -58.3144561 15.72 13.70 11.69 11.09 10.71 17.4986  0.0262 0.10 0.00 0.12 0.01 2780.  105.  6.3  1.0   9.42 14.28  6.66 11.53  4.73  1.51  4.68
Sp0500+0330  05002100+0330501 3238449635184620672  75.0875533   3.5139106 18.92 17.16 13.67 12.68 12.06 13.1218  0.0614 0.07 0.02 0.09 0.01 1858.  105. 12.7  1.1   1.35  9.37  0.96  6.62  4.66  2.83  8.55
Sp0510+2714  05102012+2714032 3421840993510952192  77.5835881  27.2338531 14.97 12.73 10.70  9.96  9.56 10.2671  0.0187 0.10 0.00 0.11 0.01 2767.  104.  6.4  1.0  18.44 18.73 13.04 14.28  6.40  2.62  8.15
Sp0515+5911  05153094+5911184 281261607033049472   78.8794461  59.1881738 15.32 13.22 11.32 10.66 10.32 15.9517  0.0830 0.11 0.00 0.12 0.01 2866.  104.  5.8  1.0  10.81 14.08  7.64 12.00  4.83  1.61  5.00
Sp0516+5640  05165345+5640195 279844370905734144   79.2233092  56.6720048 15.04 13.11 11.17 10.57 10.19 14.5279  0.0230 0.10 0.00 0.12 0.02 2826.  104.  6.0  1.0  11.64 14.50  8.23 12.17  4.93  1.73  5.38
Sp0517-3349  05173766-3349027 4825880783419986432  79.4074682 -33.8175201 16.51 14.21 12.00 11.32 10.83 16.8709  0.0297 0.09 0.00 0.11 0.01 2656.  105.  7.2  1.1   6.99 16.08  4.94 11.60  5.23  1.72  5.29
Sp0522+5754  05220976+5754046 280225450466067968   80.5405162  57.9012715 17.33 15.29 12.87 12.16 11.75 22.3980  0.0818 0.09 0.00 0.11 0.01 2561.  105.  7.8  1.1   2.99 11.70  2.11  8.27  4.25  1.29  3.93
Sp0523-1403  05233822-1403022 2985035874544160384  80.9092803 -14.0505580 18.06 16.50 13.08 12.22 11.64 12.7611  0.0302 0.07 0.00 0.09 0.01 2015.  105. 11.6  1.1   1.86 13.78  1.32  9.74  5.25  2.74  8.32
Sp0533+5054  05335379+5054170 215350076836032384   83.4736931  50.9047852 16.66 14.46 12.48 11.83 11.42 25.2050  0.1660 0.10 0.00 0.12 0.01 2799.  104.  6.2  1.0   4.22 11.30  2.99  9.10  4.01  1.12  3.44
Sp0534-1511  05345844-1511439 2972230554107163264  83.7435190 -15.1955246 17.86 16.40 13.19 12.51 11.97 19.7721  0.0630 0.08 0.00 0.10 0.01 2293.  105.  9.7  1.1   1.49 10.01  1.06  7.08  4.13  1.60  4.87
Sp0535-0931  05352131-0931067 3013672487388307456  83.8387525  -9.5184787 15.80 13.77 11.82 11.18 10.83 19.1661  0.0474 0.10 0.00 0.12 0.01 2821.  105.  6.1  1.0   8.88 13.66  6.28 11.29  4.54  1.39  4.29
Sp0537-0816  05372332-0816055 3015584160150844416  84.3471777  -8.2684425 16.15 14.30 12.30 11.70 11.35 23.2935  0.0622 0.10 0.00 0.12 0.01 2784.  105.  6.3  1.0   5.00 11.85  3.54  9.64  4.01  1.15  3.53
Sp0539+4038  05392474+4038437 191109281417914880   84.8542398  40.6452329 15.30 13.30 11.11 10.45 10.04 11.4232  0.0249 0.09 0.00 0.11 0.01 2666.  105.  7.1  1.1  13.50 18.46  9.54 13.57  5.97  2.31  7.16
Sp0544-2433  05441150-2433018 2915187925218983296  86.0480911 -24.5506977 16.94 14.85 12.53 11.87 11.46 20.6240  0.0545 0.09 0.00 0.11 0.01 2605.  105.  7.5  1.1   3.64 12.60  2.57  8.96  4.40  1.35  4.14
Sp0551+5511  05512511+5511208 265201384281320448   87.8545231  55.1891197 15.63 13.62 11.74 11.08 10.76 19.6778  0.0507 0.11 0.00 0.13 0.02 2878.  105.  5.7  1.0   8.67 12.94  6.13 11.17  4.36  1.32  4.08
Sp0553-7133  05532643-7133502 4656782698309778432  88.3603332 -71.5638308 14.11 12.18 10.35  9.78  9.36 11.4206  0.0068 0.11 0.00 0.14 0.02 2923.  104.  5.4  1.0  19.81 12.71 14.01 11.64  4.65  1.94  6.09
Sp0602-1001  06020172-1001565 2999321180586629120  90.5072119 -10.0324012 15.79 13.90 11.99 11.38 11.01 21.9121  0.0509 0.11 0.00 0.13 0.02 2856.  104.  5.8  1.0   7.74 12.34  5.47 10.57  4.09  1.20  3.69
Sp0602+3910  06023045+3910592 3457493517036545280  90.6271444  39.1829407 17.26 15.56 12.30 11.45 10.87 11.6803  0.0227 0.08 0.00 0.10 0.01 2255.  105.  9.9  1.1   3.75 20.00  2.65 14.14  6.60  2.97  9.07
Sp0602-0915  06025422-0915030 3005440443830195968  90.7259893  -9.2510378 14.62 12.82 10.98 10.40 10.03 15.2768  0.0208 0.11 0.00 0.14 0.02 2924.  104.  5.4  1.0  11.41 12.38  8.07 11.37  4.35  1.53  4.78
Sp0610-3346  06104503-3346226 2886691573123995520  92.6882503 -33.7728929 15.09 13.47 11.52 10.95 10.66 17.1010  0.0220 0.10 0.00 0.13 0.02 2817.  104.  6.1  1.0   9.58 13.59  6.77 11.50  4.50  1.44  4.47
Sp0614+4536  06145280+4536556 962577285717437952   93.7200660  45.6154407 17.62 15.48 13.02 12.27 11.84 23.0554  0.1270 0.09 0.02 0.11 0.01 2541.  105.  8.0  1.1   2.84 11.38  2.01  8.05  4.27  1.29  3.94
Sp0630-1840  06300140-1840143 2940211607277084672  97.5061606 -18.6707849 17.26 15.11 12.68 11.93 11.46 19.9966  0.1788 0.09 0.00 0.11 0.01 2552.  105.  7.9  1.1   3.45 13.15  2.44  9.30  4.78  1.50  4.59
Sp0642-6707  06422703-6707193 5280389615847484416 100.6178398 -67.1221575 14.00 12.46 10.62 10.15  9.81 13.4905  0.0121 0.11 0.00 0.14 0.02 2918.  104.  5.4  1.0  13.72 11.48  9.70 10.94  4.10  1.56  4.89
Sp0643+1631  06431389+1631428 3357958852543597056 100.8077970  16.5285990 15.74 13.78 11.86 11.23 10.86 20.0725  0.0644 0.10 0.00 0.12 0.01 2840.  105.  5.9  1.0   8.43 13.03  5.96 10.97  4.35  1.32  4.06
Sp0643-1843  06431685-1843375 2945455521833759744 100.8203058 -18.7270475 17.57 15.47 13.01 12.29 11.80 23.2164  0.0734 0.09 0.00 0.11 0.01 2539.  105.  8.0  1.1   2.77 11.20  1.96  7.92  4.22  1.28  3.92
Sp0646-2150  06464109-2150161 2926033267402660224 101.6711155 -21.8378051 14.86 13.08 11.22 10.67 10.35 16.6767  0.0182 0.11 0.00 0.13 0.02 2899.  104.  5.6  1.0   9.94 12.29  7.03 11.20  4.22  1.40  4.35
Sp0652-2534  06521977-2534505 2920995300823950720 103.0822361 -25.5806850 17.46 15.94 12.76 12.02 11.52 16.0141  0.0412 0.08 0.00 0.10 0.01 2305.  105.  9.6  1.1   2.75 14.06  1.94  9.94  5.00  1.99  6.07
Sp0652+4710  06523073+4710348 954697944875755136  103.1277590  47.1763705 18.82 17.24 13.51 12.38 11.69  9.1170  0.0364 0.06 0.01 0.09 0.01 1682.  104. 14.1  1.3   1.52 11.40  1.07  8.06  5.50  4.30 13.02
Sp0659+1920  06592868+1920577 3365063724883180288 104.8703035  19.3488495 12.80 10.81  9.16  8.55  8.23  7.7518  0.0101 0.13 0.00 0.15 0.02 3042.  104.  4.7  0.9  34.68 10.41 24.52 10.59  4.11  2.12  6.83
Sp0700+3157  07003664+3157266 890663968222557440  105.1530571  31.9570844 18.08 16.34 12.92 11.95 11.32 11.3277  0.0446 0.07 0.00 0.09 0.01 2021.  104. 11.6  1.1   2.43 17.31  1.72 12.24  6.32  3.35 10.18
Sp0704+0258  07044706+0258139 3116021729853781376 106.1960835   2.9705676 16.67 14.63 12.53 11.87 11.47 23.3820  0.1126 0.10 0.00 0.11 0.01 2720.  105.  6.7  1.1   4.05 12.15  2.86  9.20  4.26  1.23  3.76
Sp0711-3824  07110095-3824460 5565156633450986752 107.7545394 -38.4129851 14.66 12.94 11.09 10.54 10.23 15.8856  0.0224 0.11 0.00 0.14 0.02 2905.  104.  5.5  1.0  10.58 12.25  7.48 11.25  4.23  1.44  4.50
Sp0714+3702  07140394+3702459 898275195732381440  108.5163288  37.0461181 16.38 14.28 11.98 11.25 10.84 15.6149  0.0744 0.09 0.00 0.11 0.01 2612.  105.  7.5  1.1   6.82 17.15  4.83 12.13  5.46  1.83  5.62
Sp0723-8015  07235966-8015179 5207997014358306816 110.9896373 -80.2550106 15.04 13.24 11.30 10.82 10.44 16.3417  0.0243 0.10 0.00 0.13 0.02 2827.  105.  6.0  1.0   9.71 12.73  6.86 11.13  4.29  1.45  4.50
Sp0740-1724  07401922-1724449 5717278911884264576 115.0809536 -17.4127531 13.98 12.13 10.15  9.63  9.29  9.1698  0.0070 0.10 0.00 0.13 0.02 2803.  105.  6.2  1.0  25.22 15.14 17.83 12.83  5.30  2.36  7.42
Sp0741+1738  07410681+1738459 671143035762692352  115.2782470  17.6457904 16.09 14.09 12.01 11.35 10.94 18.6863  0.0780 0.10 0.00 0.11 0.01 2734.  105.  6.7  1.0   7.99 15.12  5.65 11.51  4.91  1.52  4.69
Sp0751-2530  07511645-2530432 5602408602804816768 117.8179042 -25.5119562 17.95 16.49 13.16 12.49 11.99 17.6776  0.0486 0.08 0.00 0.10 0.01 2194.  105. 10.4  1.1   1.42 10.40  1.01  7.36  4.09  1.74  5.30
Sp0755-2404  07552745-2404374 5698599996038907520 118.8644041 -24.0771776 16.31 14.21 12.26 11.60 11.23 23.3100  0.0567 0.10 0.00 0.12 0.01 2823.  104.  6.0  1.0   5.68 12.11  4.02  9.94  4.16  1.18  3.64
Sp0804+6153  08040580+6153336 1085037832803001344 121.0238794  61.8924634 17.33 15.16 12.74 11.93 11.45 20.0652  0.0600 0.09 0.00 0.10 0.01 2556.  104.  7.9  1.1   3.52 13.53  2.49  9.57  5.00  1.56  4.76
Sp0805+0417  08055713+0417035 3094447525008511488 121.4880827   4.2843320 15.61 13.73 11.88 11.22 10.87 22.0397  0.0613 0.11 0.00 0.13 0.02 2917.  104.  5.5  1.0   7.76 12.02  5.49 10.67  4.06  1.18  3.65
Sp0807+3213  08072607+3213101 901941452829250560  121.8583254  32.2194641 16.51 14.29 12.17 11.46 11.05 18.8787  0.0571 0.09 0.00 0.11 0.01 2699.  105.  6.9  1.1   6.19 14.97  4.37 11.02  5.00  1.55  4.75
Sp0810+1420  08105865+1420390 653799751664331520  122.7443608  14.3441054 17.13 14.93 12.73 12.05 11.59 23.8164  0.0960 0.09 0.00 0.11 0.01 2661.  105.  7.2  1.1   3.35 11.56  2.37  8.40  4.22  1.23  3.78
Sp0812-2444  08123170-2444423 5697787766170389888 123.1322103 -24.7451313 18.70 17.17 13.82 12.93 12.39 21.1673  0.1033 0.08 0.00 0.09 0.01 2176.  105. 10.5  1.1   1.07  7.85  0.76  5.55  4.09  1.71  5.18
Sp0818+2333  08185804+2333522 677439114220735616  124.7416270  23.5643307 16.24 14.13 12.18 11.55 11.15 22.5283  0.0948 0.10 0.00 0.12 0.01 2813.  105.  6.1  1.0   6.26 12.28  4.43 10.10  4.18  1.21  3.73
Sp0828-1309  08283419-1309198 5723739672264914176 127.1423130 -13.1555117 17.60 16.24 12.80 11.85 11.30 11.6899  0.0235 0.07 0.00 0.09 0.01 2088.  105. 11.1  1.1   2.61 17.80  1.84 12.58  6.31  3.13  9.50
Sp0829+2646  08294949+2646348 703790044252850688  127.4550608  26.7760075 12.19 10.23  8.23  7.62  7.26  3.5805  0.0017 0.10 0.00 0.12 0.01 2791.  104.  6.3  1.0  90.08 17.38 63.70 14.11  6.34  4.04 13.07
Sp0830+0947  08303256+0947153 599891555546067072  127.6356783   9.7876210 16.24 14.00 11.89 11.16 10.76 16.6949  0.0404 0.10 0.00 0.11 0.01 2709.  104.  6.8  1.1  10.17 16.59  7.19 12.21  5.41  1.75  5.38
Sp0832-0134  08323047-0134380 3073118648694573312 128.1270126  -1.5773738 15.88 14.08 12.04 11.48 11.14 20.3707  0.0503 0.10 0.00 0.12 0.01 2757.  104.  6.5  1.0   7.14 13.21  5.05 10.67  4.22  1.27  3.91
Sp0833+3706  08330310+3706083 910087150363664000  128.2625249  37.1023000 16.46 14.20 12.28 11.63 11.23 24.2410  0.0921 0.11 0.00 0.12 0.01 2843.  105.  5.9  1.0   5.46 11.60  3.86  9.69  4.04  1.14  3.50
Sp0833-5336  08334323-5336417 5321049521489667328 128.4292204 -53.6114546 16.13 14.02 12.02 11.35 10.97 19.8381  0.0364 0.10 0.00 0.12 0.01 2784.  105.  6.3  1.0   8.43 14.21  5.96 11.25  4.67  1.41  4.33
Sp0835-0819  08354256-0819237 5753687109122994048 128.9271935  -8.3231637 18.46 16.89 13.17 11.94 11.14  7.2145  0.0145 0.06 0.01 0.08 0.01 1661.  104. 14.3  1.3   2.08 16.79  1.47 11.87  7.09  5.92 17.92
Sp0838-5855  08380224-5855583 5302788969813884160 129.5087987 -58.9328887 14.41 12.15 10.31  9.71  9.27 11.1067  0.0275 0.12 0.00 0.13 0.02 2925.  104.  5.4  1.0  21.28 13.04 15.05 11.82  4.79  2.03  6.38
Sp0840+1824  08402975+1824091 659464504288593536  130.1234773  18.4024241 15.02 13.00 11.05 10.42 10.05 13.5574  0.0253 0.10 0.00 0.12 0.01 2825.  104.  6.0  1.0  12.84 15.24  9.08 12.63  5.19  1.88  5.85
Sp0841+3611  08410779+3611321 717602487277224320  130.2826029  36.1920448 15.95 13.96 12.02 11.42 11.06 21.4378  0.0690 0.10 0.00 0.12 0.01 2824.  105.  6.0  1.0   7.91 12.67  5.59 10.61  4.17  1.23  3.79
Sp0841+5929  08412013+5929505 1040827088726734976 130.3327828  59.4973458 13.11 11.27  9.62  9.00  8.67  9.4890  0.0085 0.13 0.00 0.15 0.02 3039.  104.  4.7  0.9  27.39 10.48 19.37 10.59  4.09  1.93  6.17
Sp0847-1532  08472872-1532372 5733429157137237760 131.8697787 -15.5437159 18.38 16.92 13.51 12.63 12.06 17.5674  0.0977 0.08 0.00 0.09 0.01 2132.  105. 10.8  1.1   1.28  9.61  0.91  6.79  4.62  2.06  6.24
Sp0853-0329  08533619-0329321 5761985432616501376 133.4006657  -3.4922782 15.91 14.23 11.21 10.47  9.94  8.6728  0.0085 0.08 0.00 0.10 0.01 2400.  105.  9.0  1.1   8.86 23.64  6.26 16.72  7.13  3.38 10.41
Sp0859+1145  08594029+1145325 604031766579902976  134.9179132  11.7590473 17.35 15.61 12.74 12.03 11.49 18.5590  0.0550 0.08 0.00 0.11 0.01 2439.  105.  8.7  1.1   2.79 13.04  1.98  9.22  4.77  1.67  5.10
Sp0900+2150  09002359+2150054 685103912857072640  135.0979406  21.8346940 13.43 11.41  9.44  8.84  8.44  6.3792  0.0054 0.10 0.00 0.12 0.01 2804.  105.  6.2  1.0  40.67 16.49 28.76 13.57  5.94  3.15 10.02
Sp0902+0033  09020690+0033195 576506489410890752  135.5287932   0.5553993 16.12 14.10 12.11 11.54 11.16 21.7328  0.0889 0.10 0.00 0.12 0.01 2789.  105.  6.3  1.0   6.55 12.42  4.63 10.22  4.10  1.21  3.72
Sp0911+7401  09111297+7401081 1123855296251645824 137.8018695  74.0189259 17.63 15.16 12.92 12.21 11.75 24.9475  0.1087 0.09 0.00 0.11 0.01 2639.  105.  7.3  1.1   3.01 11.15  2.13  7.91  4.14  1.20  3.67
Sp0916+2139  09161504+2139512 638510247908168576  139.0624596  21.6641961 17.80 16.38 13.22 12.52 12.07 20.4861  0.0974 0.08 0.00 0.10 0.01 2321.  105.  9.5  1.1   1.51  9.84  1.07  6.96  4.03  1.50  4.57
Sp0921-2104  09211410-2104446 5676353096222033792 140.3088585 -21.0790062 17.64 16.20 12.78 12.15 11.69 12.6083  0.0358 0.07 0.00 0.10 0.01 2032.  105. 11.5  1.1   2.08 13.43  1.47  9.50  4.39  2.27  6.92
Sp0922-0852  09221688-0852105 5744451451968477952 140.5703436  -8.8696199 15.47 13.72 11.84 11.20 10.86 20.8303  0.0797 0.11 0.00 0.13 0.02 2881.  104.  5.7  1.0   8.14 12.48  5.76 10.86  4.18  1.24  3.83
Sp0928+4230  09282562+4230545 814482174787733248  142.1060355  42.5150921 17.56 15.71 13.08 12.39 11.94 23.2775  0.1084 0.09 0.00 0.11 0.01 2498.  105.  8.3  1.1   2.49 10.35  1.76  7.32  4.00  1.25  3.83
Sp0931-1717  09312228-1717425 5682008056323530368 142.8429276 -17.2950902 15.00 13.02 11.07 10.47 10.07 13.8537  0.0510 0.10 0.00 0.12 0.01 2825.  105.  6.0  1.0  12.38 14.82  8.75 12.37  5.06  1.83  5.68
Sp0933-4353  09332510-4353384 5424690587034891264 143.3542654 -43.8939679 15.42 13.44 11.54 10.88 10.52 17.5333  0.0311 0.11 0.00 0.12 0.01 2861.  104.  5.8  1.0   9.73 13.69  6.88 11.62  4.67  1.50  4.63
Sp0933-4353  09332625-4353366 5424690587034982144 143.3590158 -43.8934670 15.36 13.37 11.48 10.83 10.43 17.5729  0.0296 0.11 0.00 0.13 0.02 2880.  104.  5.7  1.0   9.69 13.34  6.85 11.48  4.61  1.49  4.62
Sp0936-2609  09365564-2609422 5661194163772723072 144.2318991 -26.1617521 16.58 14.56 12.27 11.61 11.21 18.5038  0.0412 0.09 0.00 0.11 0.01 2615.  105.  7.5  1.1   4.60 14.07  3.26 10.09  4.70  1.49  4.57
Sp0939+2943  09392335+2943271 696501553469122304  144.8468649  29.7241988 15.93 14.03 11.98 11.42 11.07 19.7735  0.0568 0.10 0.00 0.12 0.01 2756.  105.  6.5  1.0   7.95 13.59  5.62 10.92  4.34  1.32  4.06
Sp0943-3833  09432994-3833560 5432670704985289088 145.8746750 -38.5655861 14.73 12.88 10.90 10.37 10.03 12.8675  0.0151 0.10 0.00 0.13 0.02 2802.  104.  6.2  1.0  13.12 14.62  9.28 12.34  4.93  1.84  5.71
Sp0949+0806  09492223+0806450 3853943806185777664 147.3426364   8.1125303 16.79 14.92 12.30 11.63 11.21 16.5283  0.0540 0.09 0.00 0.11 0.01 2502.  105.  8.3  1.1   3.82 14.92  2.70 10.55  4.95  1.70  5.20
Sp1003-0105  10031918-0105079 3830128624846458752 150.8298296  -1.0855580 16.55 14.50 12.33 11.67 11.24 20.1334  0.0993 0.09 0.00 0.11 0.01 2670.  105.  7.1  1.1   4.70 13.45  3.33  9.91  4.61  1.41  4.33
Sp1006-1653  10063197-1653266 5673602319993218560 151.6330507 -16.8906416 16.18 14.05 12.04 11.39 10.99 20.0668  0.0578 0.10 0.00 0.12 0.01 2778.  104.  6.3  1.0   7.92 13.91  5.60 11.04  4.58  1.38  4.26
Sp1012-3049  10120649-3049263 5461814875584141056 153.0269230 -30.8239838 16.29 14.20 12.22 11.60 11.18 22.6660  0.0620 0.10 0.00 0.12 0.01 2800.  105.  6.2  1.0   5.72 12.25  4.05  9.95  4.20  1.22  3.75
Sp1013-7842  10132597-7842551 5202336655483914624 153.3584522 -78.7153160 18.99 17.30 13.84 12.74 12.03 14.0570  0.0590 0.07 0.02 0.08 0.01 1895.  105. 12.5  1.1   1.38  9.44  0.98  6.68  5.17  2.98  9.01
Sp1016+2751  10163470+2751497 740931340878555904  154.1443543  27.8635625 16.13 13.95 11.99 11.33 10.96 20.2023  0.0567 0.10 0.00 0.12 0.01 2807.  104.  6.2  1.0   8.56 13.75  6.05 11.14  4.53  1.36  4.19
Sp1017+0719  10172680+0719260 3873864513044635648 154.3616502   7.3238595 16.59 14.53 12.50 11.83 11.49 24.3059  0.1076 0.10 0.00 0.12 0.01 2768.  105.  6.4  1.0   4.21 11.87  2.98  9.30  4.13  1.16  3.56
Sp1022+5825  10224821+5825453 1047188004010109440 155.6977494  58.4292765 18.30 16.86 13.50 12.64 12.16 18.4050  0.1065 0.08 0.00 0.09 0.01 2169.  105. 10.5  1.1   1.27  9.42  0.90  6.66  4.39  1.87  5.68
Sp1036+1923  10360869+1923314 3987041475434695936 159.0363748  19.3918484 15.11 13.15 11.30 10.71 10.34 17.3008  0.0395 0.11 0.00 0.13 0.02 2912.  104.  5.5  1.0   9.69 12.35  6.85 11.16  4.29  1.41  4.38
Sp1042-2416  10424135-2416050 5471345889049823744 160.6723574 -24.2678060 14.09 12.15 10.28  9.67  9.34 10.4005  0.0507 0.11 0.00 0.13 0.02 2888.  105.  5.6  1.0  22.74 14.04 16.08 12.42  5.06  2.14  6.72
Sp1044-6112  10442131-6112384 5254061535097566848 161.0868670 -61.2097954 11.86 10.38  8.49  8.05  7.73  4.8352  0.0017 0.11 0.00 0.14 0.02 2872.  105.  5.7  1.0  57.99 12.84 41.01 11.88  4.82  2.89  9.35
Sp1045-2607  10451718-2607249 5469802724480366848 161.3214538 -26.1236447 17.33 15.07 12.79 12.12 11.63 23.5856  0.0953 0.09 0.00 0.11 0.01 2626.  105.  7.4  1.1   3.12 11.37  2.21  8.10  4.20  1.24  3.81
Sp1045-0149  10452400-0149576 3802665122192531712 161.3499229  -1.8327129 18.00 16.46 13.16 12.35 11.78 17.0481  0.0693 0.08 0.00 0.10 0.01 2221.  105. 10.2  1.1   1.64 11.78  1.16  8.33  4.85  2.03  6.18
Sp1048-3956  10481463-3956062 5393446658454453632 162.0591783 -39.9352344 14.02 12.64  9.54  8.90  8.45  4.0451  0.0020 0.08 0.00 0.11 0.01 2360.  106.  9.2  1.1  25.52 25.32 18.05 17.91  7.62  5.14 16.22
Sp1048-1120  10481258-1120082 3757613049856225792 162.0526090 -11.3360026 12.85 10.92  8.86  8.26  7.93  4.5638  0.0033 0.10 0.00 0.12 0.01 2744.  105.  6.6  1.0  57.08 18.19 40.36 14.35  6.45  3.84 12.29
Sp1048+0111  10484281+0111580 3808159454810609280 162.1783949   1.1995060 17.70 16.26 12.92 12.14 11.62 15.0469  0.0485 0.08 0.00 0.10 0.01 2196.  105. 10.4  1.1   2.06 14.09  1.45  9.96  5.04  2.20  6.70
Sp1051+5613  10511900+5613086 851053031037729408  162.8283554  56.2190760 18.08 16.67 13.24 12.42 11.90 15.6261  0.0461 0.07 0.00 0.10 0.01 2112.  105. 10.9  1.1   1.47 11.27  1.04  7.97  4.69  2.16  6.57
Sp1054-5431  10542786-5431322 5353308264949689728 163.6156880 -54.5256693 16.46 14.24 12.32 11.64 11.29 24.5016  0.0647 0.10 0.00 0.12 0.01 2849.  105.  5.9  1.0   5.30 11.70  3.75  9.75  4.06  1.12  3.46
Sp1055-7356  10551532-7356091 5225863906515477376 163.8156192 -73.9358376 14.74 12.43 10.63 10.05  9.67 13.7047  0.1069 0.12 0.00 0.14 0.02 2964.  105.  5.2  0.9  14.34 11.71 10.14 11.11  4.28  1.63  5.11
Sp1055+0808  10554733+0808427 3865934633321490048 163.9472456   8.1452591 17.09 15.10 12.55 11.87 11.37 18.7483  0.0540 0.09 0.00 0.11 0.01 2517.  105.  8.2  1.1   3.34 13.25  2.36  9.37  4.71  1.55  4.75
Sp1105+4331  11053133+4331170 778947608243864320  166.3716066  43.5216374 12.27 10.67  8.74  8.18  7.84  4.9005  0.0041 0.10 0.00 0.13 0.02 2837.  105.  6.0  1.0  55.85 15.29 39.49 13.14  5.64  3.31 10.65
Sp1106+0428  11061897+0428327 3815413929451499904 166.5790552   4.4757408 16.47 14.45 12.33 11.72 11.33 21.3261  0.0737 0.09 0.00 0.12 0.01 2701.  105.  6.9  1.1   4.65 12.71  3.29  9.70  4.30  1.28  3.94
Sp1115-6731  11155037-6731332 5235273458327588224 168.9635053 -67.5258718 16.41 14.30 12.08 11.40 10.96 17.3817  0.0283 0.09 0.00 0.11 0.01 2649.  105.  7.2  1.1   6.17 15.48  4.36 11.20  5.05  1.63  5.01
Sp1119+4641  11193058+4641437 788357434913891712  169.8781499  46.6953156 13.68 11.91 10.09  9.53  9.20 10.4914  0.0437 0.11 0.00 0.14 0.02 2942.  104.  5.3  0.9  24.78 12.20 17.52 11.51  4.51  1.95  6.16
Sp1121-1313  11214924-1313084 3562157781229213312 170.4548283 -13.2190913 16.42 14.38 11.93 11.23 10.73 14.3905  0.0364 0.09 0.00 0.11 0.01 2545.  105.  8.0  1.1   6.21 17.56  4.39 12.42  5.59  1.98  6.08
Sp1122+3755  11224274+3755484 763973668623022464  170.6785184  37.9301020 14.99 13.10 11.28 10.64 10.32 17.6923  0.0344 0.11 0.00 0.13 0.02 2951.  104.  5.2  0.9   9.67 12.06  6.84 11.14  4.22  1.37  4.25
Sp1123-0509  11231964-0509045 3786550031235785344 170.8318506  -5.1513304 15.59 13.64 11.79 11.17 10.84 21.3894  0.0538 0.11 0.00 0.13 0.02 2913.  104.  5.5  1.0   7.85 11.87  5.55 10.65  4.00  1.18  3.65
Sp1124+3808  11240487+3808054 764072693389251456  171.0205078  38.1348413 17.29 15.57 12.71 12.02 11.57 18.4724  0.0688 0.08 0.00 0.11 0.01 2441.  105.  8.7  1.1   2.80 13.00  1.98  9.19  4.61  1.60  4.89
Sp1124-4213  11243908-4213114 5383082833650178816 171.1626117 -42.2198429 15.49 13.76 11.82 11.30 10.92 20.2693  0.0346 0.10 0.00 0.13 0.02 2822.  104.  6.1  1.0   7.92 12.17  5.60 10.48  4.02  1.22  3.79
Sp1134+0022  11345493+0022541 3797370909280252160 173.7288950   0.3817005 17.31 15.11 12.85 12.18 11.67 24.4856  0.1184 0.09 0.00 0.11 0.01 2635.  105.  7.3  1.1   3.02 11.06  2.13  7.91  4.13  1.21  3.71
Sp1141-2232  11414406-2232156 3540491079971287552 175.4334758 -22.5375031 17.04 15.35 12.63 12.00 11.57 19.0053  0.0729 0.08 0.00 0.11 0.01 2476.  105.  8.4  1.1   2.88 12.54  2.04  8.87  4.37  1.47  4.49
Sp1145-2021  11453539-2021049 3542490095189650560 176.3975330 -20.3513627 15.53 13.65 11.73 11.12 10.78 19.3186  0.0383 0.10 0.00 0.13 0.02 2852.  105.  5.9  1.0   8.69 12.99  6.14 11.10  4.35  1.33  4.12
Sp1152+2438  11524266+2438079 4004600401251919488 178.1773340  24.6355302 17.59 15.64 13.03 12.26 11.78 22.0224  0.0943 0.09 0.00 0.10 0.01 2501.  105.  8.3  1.1   2.73 11.64  1.93  8.23  4.45  1.41  4.30
Sp1153+0659  11535267+0659561 3899128064731508736 178.4694894   6.9989606 15.30 13.22 11.26 10.66 10.26 14.8848  0.0329 0.10 0.00 0.12 0.01 2810.  105.  6.1  1.0  11.20 14.60  7.92 12.09  4.95  1.72  5.34
Sp1155-3727  11553952-3727350 3460806448649173504 178.9147817 -37.4598628 17.65 16.23 12.81 12.04 11.46 11.8246  0.0261 0.07 0.00 0.10 0.01 2021.  105. 11.6  1.1   2.30 15.13  1.63 10.70  5.22  2.77  8.42
Sp1155-2224  11554286-2224586 3493736924979792768 178.9284157 -22.4163315 15.12 13.07 10.93 10.29  9.88 10.9176  0.0184 0.09 0.00 0.12 0.01 2687.  105.  7.0  1.1  14.60 18.15 10.32 13.63  5.93  2.37  7.35
Sp1159-5247  11592743-5247188 5368479017141170304 179.8609974 -52.7885865 16.03 14.54 11.43 10.76 10.32  9.4710  0.0116 0.08 0.00 0.11 0.01 2355.  105.  9.3  1.1   5.97 21.66  4.22 15.31  6.37  2.94  9.04
Sp1221+0257  12212770+0257198 3701479918946381184 185.3654705   2.9554921 17.86 16.40 13.17 12.41 11.95 18.5356  0.0869 0.08 0.00 0.10 0.01 2274.  105.  9.8  1.1   1.61 11.01  1.14  7.78  4.39  1.73  5.27
Sp1223-0858  12235208-0858432 3582675080520660992 185.9669766  -8.9787505 15.70 13.88 11.86 11.31 10.96 19.1347  0.0432 0.10 0.00 0.12 0.01 2768.  105.  6.4  1.0   8.44 13.36  5.97 10.93  4.32  1.34  4.12
Sp1223-2757  12235633-2757468 3474993275382942208 185.9834033 -27.9629161 15.80 13.94 11.98 11.40 11.07 21.0207  0.0585 0.10 0.00 0.12 0.02 2814.  104.  6.1  1.0   7.93 12.68  5.61 10.66  4.12  1.22  3.76
Sp1224-1238  12245222-1238352 3576327737332306688 186.2174089 -12.6432523 17.11 15.36 12.57 11.82 11.35 17.2082  0.0571 0.08 0.00 0.10 0.01 2458.  105.  8.6  1.1   3.23 14.44  2.28 10.21  5.09  1.77  5.42
Sp1229+0752  12294530+0752379 3901165013100805248 187.4387777   7.8771646 15.84 14.07 12.06 11.47 11.09 20.7730  0.0708 0.10 0.00 0.12 0.01 2778.  105.  6.3  1.0   7.19 13.16  5.08 10.63  4.31  1.29  3.97
Sp1232-6856  12321772-6856005 5856405272135505024 188.0722861 -68.9335270 16.96 14.58 12.42 11.74 11.32 21.0864  0.0521 0.09 0.00 0.11 0.01 2681.  105.  7.0  1.1   4.44 13.12  3.14  9.65  4.57  1.37  4.21
Sp1239-2658  12393641-2658111 3496355755520065408 189.9015118 -26.9697120 13.42 11.85 10.04  9.58  9.23 10.9763  0.0109 0.12 0.00 0.15 0.02 2959.  104.  5.2  0.9  22.49 10.85 15.90 10.72  4.04  1.75  5.52
Sp1245-5721  12451698-5721348 6060965630906108672 191.3200945 -57.3596585 15.42 13.59 11.71 11.09 10.71 19.8694  0.0353 0.11 0.00 0.13 0.02 2885.  104.  5.7  1.0   8.44 12.48  5.97 10.92  4.24  1.29  4.00
Sp1253+4034  12531240+4034038 1527127269076696064 193.3021078  40.5674122 16.23 14.21 12.19 11.54 11.16 21.2155  0.0429 0.10 0.00 0.12 0.01 2765.  104.  6.4  1.0   6.04 13.22  4.27 10.41  4.43  1.31  4.03
Sp1255-5928  12551214-5928172 6056881391901174528 193.8006939 -59.4714207 14.86 12.96 11.15 10.58 10.21 17.2647  0.0243 0.12 0.00 0.14 0.02 2953.  104.  5.2  0.9   9.76 11.44  6.90 10.79  4.04  1.35  4.21
Sp1259-4336  12590470-4336243 6135947032490329472 194.7716813 -43.6067842 14.86 13.09 10.53  9.95  9.52  7.7489  0.0084 0.09 0.00 0.11 0.01 2517.  105.  8.2  1.1  15.81 20.13 11.18 14.24  6.31  3.03  9.43
Sp1300+3038  13000747+3038560 1464745617881550208 195.0307351  30.6490747 15.53 13.82 11.89 11.30 11.01 20.6548  0.0331 0.10 0.00 0.13 0.02 2839.  104.  6.0  1.0   8.10 12.62  5.72 10.80  4.12  1.22  3.76
Sp1300+1912  13004255+1912354 3941342198772052352 195.1769102  19.2096112 17.48 16.10 12.72 12.08 11.62 13.9518  0.0392 0.07 0.00 0.10 0.01 2152.  105. 10.7  1.1   2.29 13.70  1.62  9.69  4.56  2.09  6.38
Sp1309-2330  13092185-2330350 3504014060164255104 197.3410781 -23.5099329 16.14 14.01 11.79 11.08 10.67 14.9996  0.0430 0.09 0.00 0.11 0.01 2647.  105.  7.2  1.1  10.18 17.11  7.20 12.27  5.52  1.88  5.78
Sp1309-5438  13095193-5438480 6067637295632046464 197.4658167 -54.6467388 17.93 16.35 13.21 12.50 11.96 20.6762  0.0853 0.08 0.00 0.10 0.01 2337.  105.  9.4  1.1   1.56  9.94  1.11  7.03  4.19  1.55  4.72
Sp1314+6622  13142389+6622328 1678489647527832320 198.5967896  66.3757677 15.12 13.29 11.43 10.83 10.51 18.0257  0.0259 0.11 0.00 0.13 0.02 2900.  104.  5.5  1.0   9.23 12.41  6.53 11.13  4.25  1.35  4.20
Sp1327+0149  13273095+0149384 3711482627195848576 201.8789516   1.8273247 16.51 14.51 12.45 11.86 11.43 23.9235  0.1298 0.10 0.00 0.12 0.01 2745.  105.  6.6  1.0   4.14 11.62  2.93  9.11  4.05  1.16  3.57
Sp1329-4147  13290099-4147133 6136908241874304640 202.2545387 -41.7870918 18.37 16.91 13.65 12.79 12.27 21.7054  0.1712 0.08 0.00 0.10 0.01 2256.  105.  9.9  1.1   1.16  8.32  0.82  5.88  4.16  1.62  4.93
Sp1331-6513  13313937-6513056 5864005027836957952 202.9139380 -65.2182206 17.38 15.97 12.77 12.05 11.57 16.0228  0.0406 0.08 0.00 0.10 0.01 2292.  105.  9.7  1.1   2.69 13.81  1.90  9.77  4.86  1.95  5.95
Sp1334-6257  13342803-6257356 5865271012355608704 203.6156668 -62.9598750 17.19 14.75 12.56 11.79 11.32 21.2089  0.2443 0.09 0.00 0.11 0.01 2665.  112.  7.1  1.1   4.16 13.45  2.94  9.51  4.88  1.47  4.49
Sp1346-3149  13464607-3149258 6171593062022433920 206.6916007 -31.8237581 14.85 12.92 10.97 10.44 10.04 13.6558  0.0289 0.10 0.00 0.13 0.02 2824.  105.  6.0  1.0  12.36 14.10  8.74 12.05  4.80  1.77  5.50
Sp1356+4342  13564148+4342587 1502523188143833088 209.1720179  43.7164399 15.84 13.57 11.71 11.04 10.65 19.9837  0.2446 0.11 0.00 0.13 0.02 2905.  105.  5.5  1.0   8.56 12.62  6.05 11.04  4.34  1.32  4.09
Sp1359-5636  13592210-5636318 5872178694156653440 209.8412063 -56.6088542 16.78 14.65 12.60 11.96 11.56 25.2106  0.1012 0.10 0.00 0.12 0.01 2749.  105.  6.5  1.0   3.75 11.34  2.65  8.80  4.02  1.13  3.46
Sp1403+3007  14032232+3007547 1454104436971779328 210.8423426  30.1318438 17.05 15.25 12.68 12.00 11.60 19.8083  0.0804 0.08 0.00 0.11 0.01 2513.  105.  8.2  1.1   3.09 12.57  2.18  8.89  4.43  1.42  4.34
Sp1411-4132  14115998-4132211 6109949904687424640 212.9985981 -41.5394612 13.43 11.43  9.67  9.04  8.62  9.0066  0.0281 0.12 0.00 0.14 0.02 2994.  104.  5.0  0.9  28.76 11.83 20.33 11.30  4.55  2.18  6.94
Sp1419+3137  14194617+3137094 1477762323724646272 214.9425068  31.6192758 15.47 13.62 11.70 11.10 10.75 18.9941  0.0371 0.10 0.00 0.13 0.02 2845.  105.  5.9  1.0   8.75 12.97  6.19 11.08  4.35  1.34  4.16
Sp1421-1618  14211873-1618201 6297076922485674240 215.3279083 -16.3056764 17.18 14.88 12.76 12.08 11.67 25.1497  0.1364 0.09 0.00 0.11 0.01 2698.  105.  6.9  1.1   3.35 11.25  2.37  8.38  4.06  1.15  3.53
Sp1421+1827  14213145+1827407 1239625559894563968 215.3807256  18.4612496 17.86 16.44 13.23 12.43 11.94 18.9851  0.0946 0.08 0.00 0.10 0.01 2289.  105.  9.7  1.1   1.59 10.79  1.13  7.63  4.53  1.76  5.34
Sp1423+5146  14230252+5146303 1604901876901703168 215.7616852  51.7751450 15.88 14.03 11.88 11.30 10.95 17.3316  0.0295 0.09 0.00 0.12 0.01 2687.  104.  7.0  1.1   8.57 14.75  6.06 11.31  4.67  1.50  4.62
Sp1424-3514  14241870-3514325 6119528334597735296 216.0779308 -35.2424279 15.81 13.80 11.84 11.20 10.81 19.0884  0.0857 0.10 0.00 0.12 0.01 2812.  104.  6.1  1.0   8.93 13.86  6.31 11.30  4.63  1.43  4.40
Sp1425-3650  14252798-3650229 6118581861234228352 216.3662908 -36.8397920 18.98 17.28 13.75 12.57 11.80 11.8318  0.0481 0.07 0.02 0.08 0.01 1815.  104. 13.1  1.2   1.51 10.48  1.07  7.41  5.74  3.70 11.18
Sp1425+2540  14253465+2540050 1256071505067560704 216.3943995  25.6680604 14.89 12.90 11.08 10.46 10.11 16.1410  0.0261 0.11 0.00 0.13 0.02 2944.  104.  5.3  0.9  10.80 12.26  7.63 11.30  4.33  1.48  4.61
Sp1428+1356  14280419+1356137 1227705135863076864 217.0172682  13.9370335 14.92 12.97 11.01 10.39 10.03 13.2544  0.0233 0.10 0.00 0.12 0.01 2817.  104.  6.1  1.0  13.11 15.37  9.27 12.71  5.21  1.91  5.92
Sp1428+3310  14284323+3310391 1287312100751643776 217.1798228  33.1775683 16.63 15.19 11.99 11.22 10.74 10.9895  0.0153 0.08 0.00 0.10 0.01 2295.  105.  9.7  1.1   4.13 21.55  2.92 15.24  6.36  2.84  8.68
Sp1429-6240  14294291-6240465 5853498713160606720 217.4097464 -62.6794964  8.95  7.12  5.36  4.83  4.38  1.3012  0.0003 0.13 0.00 0.15 0.02 2995.  106.  5.0  0.9 172.00 10.99 ***** 10.88  4.33  2.96  9.84
Sp1430+5943  14303787+5943249 1618010323247026560 217.6540373  59.7235751 14.87 12.97 10.79 10.14  9.79  9.9708  0.0079 0.09 0.00 0.11 0.01 2670.  104.  7.1  1.1  15.96 18.79 11.29 13.96  6.12  2.52  7.82
Sp1430-3114  14305669-3114367 6219675839377104128 217.7359450 -31.2435184 16.51 14.40 12.29 11.67 11.31 21.0996  0.0703 0.09 0.00 0.12 0.01 2711.  105.  6.8  1.1   4.97 13.04  3.51  9.97  4.37  1.30  3.99
Sp1433+2432  14330900+2432062 1255034459444168704 218.2874027  24.5350697 17.31 15.25 12.89 12.22 11.77 23.7444  0.1079 0.09 0.00 0.11 0.01 2586.  105.  7.7  1.1   2.86 11.00  2.02  7.78  4.04  1.20  3.68
Sp1438+6408  14380829+6408363 1668664785283445760 219.5380409  64.1434172 17.65 16.17 12.98 12.16 11.65 17.0358  0.0415 0.08 0.00 0.10 0.01 2302.  105.  9.6  1.1   2.21 13.77  1.56  9.74  5.08  1.99  6.06
Sp1444+3002  14441717+3002145 1282632682337912832 221.0715084  30.0372840 15.93 13.86 11.67 11.02 10.62 14.8610  0.0253 0.09 0.00 0.11 0.01 2666.  104.  7.1  1.1  10.41 16.54  7.36 12.20  5.34  1.83  5.65
Sp1454-6604  14540797-6604476 5848753805085988352 223.5362613 -66.0798456 18.41 16.52 13.06 12.17 11.72 10.7268  0.0347 0.07 0.02 0.09 0.01 1887.  104. 12.5  1.1   1.96 14.45  1.39 10.22  5.00  3.00  9.10
Sp1456-2809  14563831-2809473 6224387727748521344 224.1591510 -28.1635063 14.08 12.09  9.96  9.31  8.93  7.0578  0.0053 0.09 0.00 0.11 0.01 2701.  105.  6.9  1.1  33.73 19.36 23.85 14.59  6.58  3.26 10.24
Sp1457+4517  14573965+4517167 1586649326754181376 224.4147284  45.2879910 17.64 15.72 13.12 12.38 11.93 23.3900  0.0793 0.09 0.00 0.11 0.01 2504.  105.  8.2  1.1   2.56 10.36  1.81  7.33  4.13  1.29  3.92
Sp1457+5639  14575374+5639242 1612801833587498240 224.4748729  56.6567968 13.59 12.00 10.21  9.63  9.27 11.4654  0.0078 0.12 0.00 0.14 0.02 2972.  105.  5.1  0.9  22.91 11.62 16.20 11.15  4.33  1.82  5.74
Sp1458+2839  14582453+2839580 1269789664970320512 224.6021446  28.6660510 17.57 15.47 13.08 12.31 11.85 24.2806  0.1101 0.09 0.00 0.11 0.01 2570.  105.  7.8  1.1   2.82 10.81  1.99  7.64  4.27  1.26  3.86
Sp1501+2250  15010818+2250020 1262763648230973440 225.2840972  22.8339224 16.53 15.07 11.87 11.18 10.71 10.7009  0.0223 0.08 0.00 0.10 0.01 2290.  105.  9.7  1.1   4.15 20.69  2.93 14.63  6.04  2.75  8.43
Sp1504-2355  15041621-2355564 6227871564690336512 226.0672697 -23.9323844 16.23 14.04 12.01 11.38 11.03 19.6849  0.0712 0.10 0.00 0.12 0.01 2765.  105.  6.4  1.0   8.05 14.09  5.69 11.16  4.55  1.38  4.24
Sp1507-1627  15074769-1627386 6306068659857135232 226.9486207 -16.4611440 17.97 16.56 12.83 11.89 11.31  7.3946  0.0179 0.06 0.01 0.09 0.01 1694.  104. 14.0  1.3   2.05 16.84  1.45 11.90  5.52  4.42 13.42
Sp1510-0241  15101685-0241078 6336552379219937920 227.5701578  -2.6855696 17.24 15.26 12.61 11.84 11.35 18.0395  0.1144 0.09 0.00 0.10 0.01 2494.  105.  8.3  1.1   3.39 14.21  2.40 10.05  5.13  1.72  5.25
Sp1521+5053  15210103+5053230 1595520568815311744 230.2545118  50.8896649 16.38 14.32 12.01 11.33 10.92 16.1293  0.0260 0.09 0.00 0.11 0.01 2610.  104.  7.5  1.1   6.23 16.40  4.41 11.59  5.20  1.73  5.31
Sp1524+2925  15242475+2925318 1272178319624018816 231.1031275  29.4254282 15.31 13.26 11.21 10.54 10.15 13.0723  0.0146 0.10 0.00 0.11 0.01 2749.  104.  6.5  1.0  12.94 17.24  9.15 13.26  5.72  2.07  6.41
Sp1530-5342  15302112-5342348 5888509602928271488 232.5880870 -53.7096814 16.96 14.94 12.66 11.98 11.60 22.1062  0.0829 0.09 0.00 0.11 0.01 2624.  105.  7.4  1.1   3.43 12.09  2.43  8.64  4.27  1.27  3.90
Sp1530+0926  15303032+0926014 1165479168642900992 232.6263558   9.4337315 13.09 11.35  9.57  9.01  8.66  8.6387  0.0107 0.12 0.00 0.14 0.02 2977.  104.  5.1  0.9  29.18 11.58 20.63 11.23  4.43  2.14  6.82
Sp1534-1418  15345704-1418486 6265453524968112640 233.7370902 -14.3136812 15.77 13.99 11.38 10.73 10.30 10.9077  0.0206 0.09 0.00 0.11 0.01 2502.  105.  8.3  1.1  11.26 19.41  7.96 13.72  5.99  2.42  7.47
Sp1537-3954  15371278-3954097 6002992162332713856 234.3028559 -39.9027505 16.43 14.43 12.33 11.73 11.32 21.8244  0.0710 0.10 0.00 0.12 0.01 2717.  105.  6.8  1.1   4.68 12.50  3.31  9.65  4.25  1.26  3.87
Sp1539+7437  15394442+7437273 1697766388465292800 234.9346278  74.6243025 17.54 15.25 12.93 12.21 11.73 24.0992  0.1637 0.09 0.00 0.11 0.01 2607.  105.  7.5  1.1   2.96 11.31  2.10  8.00  4.23  1.25  3.81
Sp1540-2613  15402966-2613422 6234648404610590208 235.1228120 -26.2285975 15.75 13.95 11.65 11.14 10.73 14.8713  0.0441 0.09 0.00 0.12 0.01 2613.  105.  7.5  1.1   9.10 14.89  6.43 11.23  4.70  1.65  5.09
Sp1540-5101  15404341-5101357 5985290231327158144 235.1863548 -51.0266584 12.76 10.87  8.96  8.30  7.94  5.3177  0.0027 0.11 0.00 0.12 0.01 2858.  105.  5.8  1.0  52.05 16.12 36.81 13.61  5.97  3.38 10.81
Sp1546-5534  15464185-5534468 5884382654716110848 236.6728709 -55.5798574 14.58 12.25 10.21  9.55  9.11  8.3966  0.0496 0.10 0.00 0.12 0.01 2758.  105.  6.5  1.0  26.58 18.25 18.79 14.14  6.32  2.92  9.14
Sp1551+6457  15510662+6457047 1641189157936120704 237.7761944  64.9513179 17.40 15.25 12.89 12.15 11.72 22.9159  0.0708 0.09 0.00 0.11 0.01 2584.  105.  7.7  1.1   3.04 11.73  2.15  8.30  4.32  1.29  3.95
Sp1552-2623  15524460-2623134 6235533167875990272 238.1859870 -26.3871417 14.10 12.12 10.26  9.68  9.31 10.6207  0.0192 0.11 0.00 0.13 0.02 2903.  104.  5.5  1.0  22.63 13.40 16.00 12.07  4.87  2.06  6.49
Sp1553+1400  15531993+1400337 1192473897093821568 238.3326056  14.0094067 17.69 15.66 13.05 12.27 11.82 22.1390  0.0840 0.09 0.00 0.10 0.01 2502.  105.  8.3  1.1   2.74 11.52  1.94  8.15  4.42  1.39  4.25
Sp1555-0956  15551573-0956055 4346523537966269824 238.8157980  -9.9350124 17.35 15.92 12.56 11.98 11.44 13.5774  0.0345 0.08 0.00 0.11 0.01 2168.  105. 10.6  1.1   2.62 13.94  1.85  9.86  4.60  2.13  6.51
Sp1606+4054  16063390+4054216 1380293091823646720 241.6398146  40.9061205 14.86 12.87 11.05 10.42 10.07 15.7677  0.0179 0.11 0.00 0.13 0.02 2941.  104.  5.3  0.9  11.16 12.48  7.89 11.45  4.40  1.52  4.73
Sp1607-0442  16073123-0442091 4404521333221783680 241.8801585  -4.7026741 16.37 14.19 11.90 11.19 10.72 15.2450  0.0502 0.09 0.00 0.11 0.01 2618.  105.  7.5  1.1   7.66 17.13  5.42 12.11  5.53  1.89  5.82
Sp1610-0631  16105843-0631325 4349305645979265920 242.7434588  -6.5257128 15.09 13.24 11.35 10.75 10.37 16.7108  0.0376 0.11 0.00 0.13 0.02 2871.  104.  5.7  1.0  10.02 13.17  7.08 11.47  4.53  1.50  4.66
Sp1614-0251  16142520-0251009 4405150047715392128 243.6049920  -2.8502104 15.25 13.31 11.30 10.68 10.28 14.5559  0.0272 0.10 0.00 0.12 0.01 2783.  105.  6.3  1.0  11.44 15.43  8.09 12.39  5.18  1.81  5.61
Sp1615+0546  16154245+0546400 4438043930922131072 243.9269041   5.7777960 17.57 16.02 12.88 12.20 11.74 17.8290  0.0637 0.08 0.00 0.10 0.01 2330.  105.  9.4  1.1   2.40 12.54  1.69  8.86  4.44  1.69  5.17
Sp1621-3711  16210447-3711373 6021535941318934912 245.2685932 -37.1937561 16.69 14.66 12.57 11.92 11.56 23.9479  0.1001 0.09 0.00 0.12 0.01 2719.  105.  6.8  1.1   3.84 11.75  2.72  8.97  4.09  1.16  3.58
Sp1627+8105  16272794+8105075 1710380123298255232 246.8605205  81.0855235 17.64 16.07 13.03 12.33 11.88 20.3030  0.0688 0.08 0.00 0.10 0.01 2394.  105.  9.0  1.1   2.12 11.43  1.50  8.08  4.22  1.49  4.54
Sp1632-0631  16325882-0631481 4352307381441947392 248.2450704  -6.5301117 17.18 15.19 12.74 12.04 11.62 20.9215  0.0959 0.09 0.00 0.11 0.01 2545.  105.  8.0  1.1   3.15 12.23  2.23  8.65  4.39  1.36  4.16
Sp1633-6808  16334976-6808488 5809399363316632064 248.4528664 -68.1467260 15.30 13.67 11.56 10.96 10.48 15.2273  0.0409 0.10 0.00 0.12 0.01 2709.  105.  6.8  1.1  10.34 15.66  7.31 11.98  5.18  1.79  5.53
Sp1633-6808  16334976-6808488 5809399363316630912 248.4557327 -68.1468704 15.96 13.67 11.56 10.96 10.48 15.2994  0.0243 0.10 0.00 0.12 0.01 2714.  105.  6.8  1.1  10.34 15.63  7.31 11.98  5.17  1.79  5.51
Sp1645-1319  16452211-1319516 4327580052130121728 251.3420067 -13.3311841 17.23 15.87 12.45 11.69 11.14 11.2585  0.0183 0.07 0.00 0.10 0.01 2123.  105. 10.9  1.1   3.28 17.82  2.32 12.60  5.79  2.86  8.72
Sp1646+3434  16463154+3434554 1326893351115617024 251.6310126  34.5819942 14.31 12.41 10.53  9.97  9.61 11.9066  0.0110 0.11 0.00 0.13 0.02 2887.  104.  5.6  1.0  16.73 13.38 11.83 11.96  4.78  1.90  5.95
Sp1655-0823  16553529-0823401 4339417394313320192 253.8968627  -8.3946536 13.84 11.94  9.78  9.20  8.82  6.5014  0.0049 0.09 0.00 0.12 0.01 2674.  105.  7.1  1.1  37.10 18.49 26.23 14.10  6.27  3.26 10.27
Sp1656-2046  16563362-2046373 4127182375667696128 254.1399835 -20.7771052 15.02 13.20 11.30 10.71 10.37 16.3683  0.0305 0.11 0.00 0.13 0.02 2868.  104.  5.8  1.0  10.20 13.18  7.21 11.53  4.50  1.50  4.66
Sp1658+7027  16580380+7027015 1649407285800074240 254.5146463  70.4504732 18.11 16.56 13.29 12.47 11.91 18.4784  0.0703 0.08 0.00 0.10 0.01 2245.  105. 10.0  1.1   1.49 10.55  1.05  7.46  4.65  1.88  5.72
Sp1705-5441  17054744-5441513 5923656557253383936 256.4473438 -54.6975944 18.08 16.44 13.63 12.75 12.35 26.2099  0.1274 0.08 0.00 0.10 0.01 2453.  105.  8.6  1.1   1.51  8.17  1.07  5.78  4.00  1.26  3.84
Sp1705-0516  17054834-0516462 4364462551205872000 256.4514637  -5.2795392 18.18 16.59 13.31 12.55 12.03 18.9849  0.1267 0.08 0.00 0.10 0.01 2236.  105. 10.1  1.1   1.37  9.83  0.97  6.95  4.28  1.74  5.28
Sp1707+6439  17071830+6439331 1632113518378994304 256.8275887  64.6592186 17.03 15.09 12.54 11.79 11.38 18.0626  0.0377 0.09 0.00 0.11 0.01 2516.  105.  8.2  1.1   3.59 14.19  2.54 10.03  4.96  1.62  4.97
Sp1707-0558  17072343-0558249 4364185165038935040 256.8476290  -5.9736717 16.94 15.18 12.05 11.26 10.71 11.7632  0.0607 0.08 0.00 0.10 0.01 2344.  105.  9.3  1.1   4.11 20.83  2.91 14.73  6.46  2.76  8.45
Sp1712-0323  17120433-0323300 4366633811793952896 258.0179903  -3.3917385 15.53 13.46 11.61 10.99 10.64 19.5820  0.0441 0.11 0.00 0.13 0.02 2907.  104.  5.5  1.0   8.52 12.16  6.02 10.88  4.16  1.28  3.97
Sp1713-3952  17134048-3952120 5972124644679705728 258.4188031 -39.8699651 18.15 16.66 13.40 12.56 12.10 19.4371  0.1039 0.08 0.00 0.10 0.01 2255.  105. 10.0  1.1   1.38  9.83  0.98  6.95  4.42  1.75  5.30
Sp1718-4131  17185456-4131395 5959737748540750592 259.7269774 -41.5278015 14.58 12.55 10.61 10.00  9.62 11.2627  0.0224 0.10 0.00 0.12 0.01 2831.  104.  6.0  1.0  17.06 15.26 12.07 12.80  5.34  2.15  6.70
Sp1731+2721  17312974+2721233 4595127343251508992 262.8738781  27.3564541 16.80 15.28 12.09 11.39 10.91 11.9422  0.0169 0.08 0.00 0.10 0.01 2302.  105.  9.6  1.1   3.67 19.18  2.60 13.56  5.80  2.52  7.72
Sp1734-1151  17343053-1151388 4162703606326651392 263.6272504 -11.8608431 17.69 16.17 13.11 12.37 11.88 20.5502  0.1014 0.08 0.00 0.10 0.01 2387.  105.  9.1  1.1   1.92 10.97  1.36  7.76  4.34  1.54  4.69
Sp1735-2745  17350903-2745448 4061264935583100160 263.7877504 -27.7624617 18.48 16.65 14.11 12.62 12.20 26.4983  0.6852 0.09 0.02 0.08 0.03 2518.  427.  8.2  3.0   2.03 10.61  1.44  7.50  6.21  1.80  5.44
Sp1736-3425  17364180-3425459 4053559111471124608 264.1740823 -34.4294964 15.33 13.25 11.43 10.81 10.50 18.8386  0.0427 0.11 0.00 0.13 0.02 2939.  105.  5.3  0.9   8.88 11.81  6.28 10.90  4.08  1.28  3.98
Sp1739+5532  17395323+5532417 1421042126620559104 264.9717837  55.5449313 16.17 14.25 12.15 11.48 11.12 19.5257  0.0676 0.09 0.00 0.11 0.01 2720.  105.  6.7  1.1   6.29 14.48  4.45 10.93  4.77  1.44  4.44
Sp1741+0940  17415439+0940537 4489306942580947584 265.4766729   9.6816515 15.95 14.01 11.91 11.34 10.97 18.2946  0.0460 0.09 0.00 0.12 0.01 2720.  105.  6.7  1.1   8.69 14.36  6.15 11.21  4.59  1.44  4.44
Sp1746-3214  17464063-3214045 4055579464064558592 266.6695735 -32.2345840 13.97 12.14 10.35  9.74  9.38 12.0603  0.0153 0.12 0.00 0.14 0.02 2974.  104.  5.1  0.9  19.56 11.92 13.83 11.32  4.43  1.80  5.66
Sp1753-2312  17531132-2312268 4068644101753728512 268.2996920 -23.2070077 19.63 17.68 13.96 12.48 12.03  9.2686  0.0867 0.06 0.02 0.07 0.04 1663.  350. 14.3  3.5   1.69 11.72  1.19  8.28  6.06  4.73 14.23
Sp1753-6559  17534518-6559559 5908794218026022144 268.4379459 -65.9987977 19.34 17.60 14.10 13.11 12.42 15.6686  0.0796 0.07 0.02 0.09 0.01 1843.  105. 12.8  1.2   1.08  7.27  0.76  5.14  4.03  2.44  7.39
Sp1756-2707  17560251-2707356 4063613694285106048 269.0111636 -27.1297615 19.20 17.98 13.90 12.74 12.25  6.7497  0.0683 0.05 0.02 0.09 0.02 1380.  106. 17.3  2.4   1.21  7.99  0.86  5.65  4.15  5.27 15.94
Sp1757+7042  17571539+7042011 1638180413086979840 269.3142416  70.7003102 15.68 13.28 11.45 10.84 10.40 19.0173  0.0890 0.12 0.00 0.13 0.02 2939.  104.  5.3  0.9   8.79 11.80  6.22 10.76  4.15  1.32  4.12
Sp1800-1559  18000116-1559235 4145132555890838784 270.0048617 -15.9899910 18.62 16.91 13.43 12.52 11.98 12.3614  0.0518 0.07 0.02 0.09 0.01 1870.  105. 12.6  1.1   1.47 10.41  1.04  7.36  4.59  2.76  8.36
Sp1804-1616  18044086-1616385 4144383754057229696 271.1703121 -16.2774749 16.92 15.38 13.32 12.33 11.99 29.6900  0.7441 0.10 0.00 0.10 0.01 2744.  107.  6.6  1.1   3.16 10.40  2.24  7.35  4.53  1.19  3.62
Sp1805-2758  18054038-2758568 4062844895337938688 271.4138828 -27.9798247 17.86 15.78 11.70 10.88 10.69  2.8252  0.0069 0.05 0.02 0.11 0.02 1371.  105. 17.4  2.5   4.56 27.32  3.22 19.32  5.51  7.93 24.37
Sp1805-1422  18054470-1422425 4147112604476417792 271.4360088 -14.3784682 13.28 11.56  9.78  9.21  8.86  9.4730  0.0129 0.12 0.00 0.14 0.02 2976.  104.  5.1  0.9  26.78 11.62 18.93 11.23  4.41  2.04  6.47
Sp1807-0625  18070621-0625471 4171383636445972096 271.7759216  -6.4297854 17.62 16.16 12.99 12.35 11.85 18.7253  0.1656 0.08 0.00 0.11 0.01 2312.  105.  9.6  1.1   1.88 11.62  1.33  8.21  4.18  1.61  4.90
Sp1807+5015  18071593+5015316 2123161836615550848 271.8164666  50.2587872 17.81 16.29 12.93 12.13 11.60 14.6345  0.0274 0.08 0.00 0.10 0.01 2176.  105. 10.5  1.1   2.04 14.40  1.44 10.18  5.17  2.30  6.99
Sp1814-1536  18143959-1536199 4145765496561285120 273.6649143 -15.6056790 18.23 16.09 14.06 12.88 12.44 38.9706  0.7422 0.10 0.01 0.09 0.01 2762.  141.  6.5  1.2   2.34  7.83  1.66  5.54  4.27  1.06  3.23
Sp1821+1414  18212815+1414010 4485574134969389312 275.3673552  14.2335685 18.68 17.16 13.43 12.40 11.65  9.3568  0.0220 0.07 0.01 0.09 0.01 1697.  104. 14.0  1.3   1.46 11.20  1.03  7.92  5.28  4.08 12.34
Sp1824-0536  18242359-0536488 4161034758178900224 276.0982862  -5.6136806 14.45 12.42 10.60 10.03  9.62 13.2443  0.0175 0.12 0.00 0.14 0.02 2944.  104.  5.3  0.9  14.85 12.02 10.50 11.23  4.38  1.70  5.33
Sp1829-1439  18291894-1439014 4104121283206946688 277.3291078 -14.6505374 16.71 15.42 12.91 11.75 11.33 17.8924  0.1683 0.09 0.00 0.09 0.01 2526.  107.  8.1  1.1   4.30 17.62  3.04 12.46  6.76  2.13  6.48
Sp1835+3259  18353790+3259545 2091177593123254016 278.9077745  32.9981420 14.87 13.35 10.27  9.62  9.17  5.6875  0.0029 0.08 0.00 0.11 0.01 2372.  105.  9.2  1.1  16.66 24.68 11.78 17.45  7.35  4.26 13.28
Sp1836-3507  18365842-3507176 6733860940302404864 279.2435253 -35.1215121 16.17 14.33 12.14 11.56 11.20 19.0636  0.0451 0.09 0.00 0.12 0.01 2666.  105.  7.1  1.1   5.38 13.67  3.80 10.35  4.42  1.38  4.23
Sp1839+2952  18393308+2952164 4587614930058979584 279.8878684  29.8712448 15.10 13.07 11.01 10.38 10.01 12.1697  0.0146 0.10 0.00 0.12 0.01 2747.  105.  6.6  1.0  13.85 17.12  9.80 13.36  5.66  2.14  6.62
Sp1841-4347  18410977-4347327 6709964635600548992 280.2895827 -43.7924280 14.16 12.30 10.48  9.94  9.60 12.5259  0.0159 0.11 0.00 0.14 0.02 2936.  104.  5.3  0.9  16.47 11.98 11.65 11.30  4.35  1.71  5.37
Sp1843+4040  18432213+4040209 2098514324976071424 280.8420245  40.6725942 15.43 13.33 11.31 10.69 10.31 14.3974  0.0188 0.10 0.00 0.12 0.01 2771.  104.  6.4  1.0  11.54 15.73  8.16 12.52  5.25  1.83  5.66
Sp1845-6357  18450541-6357475 6439125097425259776 281.2860999 -63.9631851 14.02 12.70  9.54  8.97  8.51  4.0013  0.0025 0.08 0.00 0.11 0.01 2323.  105.  9.5  1.1  23.83 24.75 16.85 17.50  7.33  5.05 15.96
Sp1845+3853  18451889+3853248 2098118397710725248 281.3289187  38.8901727 16.51 14.40 12.21 11.46 11.05 18.2181  0.0328 0.09 0.00 0.11 0.01 2665.  105.  7.1  1.1   5.74 15.44  4.06 10.99  5.21  1.63  5.01
Sp1845+0711  18452147+0711584 4286113482922764288 281.3394946   7.1995968 16.30 14.20 12.24 11.58 11.15 22.8913  0.0667 0.10 0.00 0.12 0.01 2816.  104.  6.1  1.0   5.82 12.35  4.11 10.01  4.29  1.24  3.81
Sp1848-8214  18485108-8214422 6359521108406068992 282.2117325 -82.2450380 15.61 13.40 11.48 10.92 10.50 17.5640  0.0317 0.11 0.00 0.13 0.02 2847.  105.  5.9  1.0   9.30 12.91  6.58 11.14  4.41  1.44  4.46
Sp1854-5704  18545092-5704417 6637017330494491648 283.7105093 -57.0782589 15.95 13.88 11.81 11.21 10.79 17.5324  0.0645 0.10 0.00 0.12 0.01 2736.  105.  6.6  1.1   9.38 14.88  6.63 11.56  4.85  1.56  4.80
Sp1855-6914  18554792-6914153 6421389047155380352 283.9530614 -69.2374802 14.25 12.33 10.47  9.88  9.51 11.6118  0.0106 0.11 0.00 0.13 0.02 2900.  104.  5.5  1.0  18.03 13.41 12.75 12.02  4.83  1.95  6.11
Sp1906-0515  19060693-0515043 4206320171755704320 286.5288748  -5.2512031 17.42 15.84 12.91 12.26 11.81 20.3563  0.2518 0.08 0.00 0.11 0.01 2426.  106.  8.8  1.1   2.40 11.50  1.70  8.14  4.14  1.43  4.36
Sp1906+4011  19064801+4011089 2100693797539808896 286.7008959  40.1857208 17.84 16.35 13.08 12.26 11.77 16.7867  0.0384 0.08 0.00 0.10 0.01 2246.  105. 10.0  1.1   1.83 12.79  1.30  9.04  4.90  2.01  6.10
Sp1916+0509  19165762+0509021 4293315765165489536 289.2400326   5.1504413 14.32 12.28  9.91  9.23  8.77  5.9185  0.0046 0.09 0.00 0.11 0.01 2578.  105.  7.7  1.1  30.39 21.88 21.49 15.47  7.15  3.86 12.13
Sp1921-2915  19212977-2915507 6759481141756109056 290.3744225 -29.2640393 15.56 13.51 11.45 10.85 10.44 14.9992  0.0485 0.10 0.00 0.12 0.01 2744.  105.  6.6  1.0  10.84 15.65  7.67 12.26  5.17  1.78  5.48
Sp1924+7533  19241634+7533121 2289304297045379456 291.0727285  75.5532900 13.40 11.59  9.91  9.28  8.96 10.6300  0.0062 0.13 0.00 0.15 0.02 3029.  104.  4.8  0.9  24.63 10.81 17.42 10.79  4.16  1.84  5.85
Sp1925+0938  19253089+0938235 4308488780772030336 291.3787992   9.6398039 15.67 13.02 11.21 10.52 10.02 16.8278  0.0821 0.12 0.00 0.13 0.02 2956.  104.  5.2  0.9  10.50 12.66  7.42 11.34  4.56  1.56  4.86
Sp1929+1101  19294379+1101571 4314878631298620160 292.4324907  11.0325221 16.19 14.05 12.04 11.40 10.99 20.2353  0.0527 0.10 0.00 0.12 0.01 2781.  105.  6.3  1.0   7.83 13.75  5.54 10.95  4.55  1.37  4.24
Sp1933+2150  19332754+2150009 2018474482692940288 293.3647137  21.8334425 17.53 15.71 12.95 12.23 11.78 20.9373  0.0623 0.08 0.00 0.11 0.01 2467.  105.  8.5  1.1   2.63 11.90  1.86  8.41  4.36  1.43  4.38
Sp1939-5750  19395199-5750339 6448329418495400960 294.9669781 -57.8427322 16.40 14.31 12.24 11.61 11.20 21.2943  0.0570 0.10 0.00 0.12 0.01 2741.  105.  6.6  1.0   5.45 13.17  3.85 10.19  4.45  1.32  4.06
Sp1949+2445  19495077+2445056 2020676971970754560 297.4615641  24.7515311 18.15 16.37 13.95 12.86 12.43 30.7879  0.8540 0.09 0.00 0.09 0.01 2557.  108.  7.9  1.1   1.79  7.93  1.26  5.61  4.31  1.21  3.68
Sp1953+4424  19535508+4424550 2079073928612819840 298.4777692  44.4142616 11.47 10.08  8.28  7.73  7.39  4.6919  0.0126 0.12 0.00 0.14 0.02 2962.  105.  5.2  0.9  72.36 11.95 51.16 11.49  4.65  2.79  9.08
Sp1953+4424  19535508+4424550 2079073928612821760 298.4803488  44.4150401 11.92 10.08  8.28  7.73  7.39  4.6614  0.0018 0.12 0.00 0.14 0.02 2957.  105.  5.2  0.9  72.67 12.06 51.39 11.55  4.68  2.82  9.16
Sp1954+1801  19544358+1801581 1821315795663331456 298.6816093  18.0328578 16.51 14.30 12.21 11.52 11.11 19.9631  0.0617 0.10 0.00 0.11 0.01 2724.  105.  6.7  1.0   5.93 14.31  4.20 10.73  4.82  1.46  4.48
Sp2000+3057  20000565+3057300 2030861099681010304 300.0240136  30.9589170 14.33 12.63 10.67 10.11  9.78 11.6530  0.0106 0.10 0.00 0.13 0.02 2816.  104.  6.1  1.0  15.61 14.84 11.04 12.56  5.11  2.01  6.26
Sp2002-5425  20021341-5425558 6473160651658069120 300.5562102 -54.4321969 15.51 13.56 11.62 11.04 10.64 18.0823  0.0363 0.10 0.00 0.13 0.02 2829.  104.  6.0  1.0   9.13 13.28  6.46 11.21  4.48  1.43  4.42
Sp2010+0634  20103539+0634367 4250327781042868224 302.6474556   6.5768965 17.14 15.62 12.53 11.89 11.43 16.1259  0.0452 0.08 0.00 0.11 0.01 2370.  105.  9.2  1.1   2.78 13.98  1.96  9.89  4.75  1.81  5.53
Sp2012+1246  20125255+1246315 1803225427774999680 303.2191129  12.7754766 16.14 14.12 12.04 11.43 11.04 19.2842  0.0377 0.10 0.00 0.12 0.01 2730.  104.  6.7  1.1   7.22 14.31  5.11 11.07  4.63  1.42  4.38
Sp2015-5645  20152158-5645550 6468714845110882048 303.8398336 -56.7652404 16.85 14.55 12.51 11.80 11.36 23.6670  0.1070 0.10 0.00 0.11 0.01 2757.  106.  6.5  1.0   4.34 12.41  3.07  9.44  4.45  1.27  3.90
Sp2029+5750  20291194+5750317 2188222203084317184 307.2999193  57.8421269 15.09 13.20 11.36 10.74 10.39 17.8948  0.0223 0.11 0.00 0.13 0.02 2927.  105.  5.4  1.0   9.45 12.28  6.68 11.15  4.27  1.37  4.26
Sp2037-1137  20370715-1137569 6901234269614405888 309.2798193 -11.6325974 16.41 14.34 12.27 11.63 11.26 21.4226  0.0622 0.10 0.00 0.12 0.01 2740.  105.  6.6  1.0   5.31 13.17  3.76 10.17  4.44  1.31  4.01
Sp2039-2926  20392378-2926335 6798222846275675520 309.8494584 -29.4429643 15.20 13.19 11.36 10.74 10.37 17.9601  0.0441 0.11 0.00 0.13 0.02 2928.  104.  5.4  0.9   9.37 12.14  6.63 11.05  4.24  1.37  4.26
Sp2042-0500  20424514-0500193 6914281796143286784 310.6882190  -5.0053274 15.20 13.39 11.45 10.87 10.54 16.7672  0.0281 0.10 0.00 0.13 0.02 2829.  104.  6.0  1.0   9.82 13.55  6.95 11.52  4.55  1.49  4.61
Sp2044+1517  20443743+1517352 1762523981210977664 311.1562162  15.2929935 15.29 13.44 11.03 10.49 10.06 10.4074  0.0108 0.09 0.00 0.12 0.01 2562.  104.  7.8  1.1  12.18 17.92  8.61 12.94  5.57  2.30  7.13
Sp2047+1421  20472471+1421526 1762216079299019008 311.8531104  14.3645442 17.44 15.64 13.04 12.31 11.88 22.6303  0.0686 0.09 0.00 0.11 0.01 2503.  105.  8.2  1.1   2.62 11.07  1.85  7.82  4.17  1.31  3.99
Sp2049+3336  20492745+3336512 1869054868256849920 312.3641553  33.6141574 15.40 13.44 11.50 10.87 10.54 16.7411  0.0246 0.10 0.00 0.12 0.01 2829.  104.  6.0  1.0  10.09 14.15  7.13 11.80  4.76  1.54  4.77
Sp2049-1716  20495272-1716083 6858958940879829248 312.4697815 -17.2690190 15.78 13.81 11.81 11.21 10.81 18.7299  0.0356 0.10 0.00 0.12 0.01 2791.  105.  6.3  1.0   8.88 13.81  6.28 11.22  4.58  1.43  4.41
Sp2057-0252  20575409-0252302 6915795853718552960 314.4753896  -2.8750694 18.07 16.48 13.12 12.27 11.72 15.5108  0.0569 0.08 0.00 0.09 0.01 2170.  105. 10.5  1.1   1.74 12.90  1.23  9.12  5.12  2.26  6.86
Sp2101+0307  21010483+0307047 1731137528439917568 315.2699628   3.1180481 15.89 13.60 11.70 10.96 10.57 18.4026  0.0549 0.11 0.00 0.12 0.01 2870.  105.  5.7  1.0   9.65 14.29  6.83 11.82  4.91  1.53  4.72
Sp2126+2531  21265788+2531080 1798588409277193984 321.7410289  25.5185056 17.02 15.47 12.61 11.97 11.57 18.1149  0.0453 0.08 0.00 0.11 0.01 2441.  105.  8.7  1.1   2.79 12.90  1.97  9.12  4.42  1.54  4.71
Sp2127+5553  21272531+5553150 2177877452238559104 321.8565920  55.8875087 16.30 14.17 12.01 11.33 10.91 17.3388  0.0308 0.09 0.00 0.11 0.01 2676.  104.  7.0  1.1   7.28 15.78  5.15 11.60  5.08  1.63  5.02
Sp2138+5257  21381698+5257188 2173367633501430272 324.5713543  52.9552256 15.83 13.85 11.85 11.17 10.81 18.2497  0.0364 0.10 0.00 0.12 0.01 2785.  105.  6.3  1.0   9.43 14.80  6.67 11.71  4.88  1.52  4.67
Sp2151+2328  21510510+2328088 1795813379365971072 327.7712326  23.4693356 14.40 13.43 11.49 10.82 10.65 16.2499  0.0973 0.10 0.00 0.12 0.01 2822.  105.  6.0  1.0  10.54 14.77  7.46 12.26  4.84  1.54  4.75
Sp2151-4017  21513137-4017229 6572811211549713792 327.8813078 -40.2897689 15.42 13.29 11.45 10.76 10.41 17.8217  0.0486 0.11 0.00 0.13 0.02 2916.  104.  5.5  1.0   9.71 13.09  6.87 11.52  4.54  1.45  4.49
Sp2205-1104  22053575-1104287 2614071100988460544 331.3988693 -11.0747115 15.38 13.53 11.66 11.05 10.72 19.6264  0.0477 0.11 0.00 0.13 0.02 2888.  104.  5.6  1.0   8.49 12.36  6.00 10.93  4.18  1.27  3.95
Sp2213-6342  22135048-6342100 6405457982659103872 333.4608973 -63.7027805 14.66 12.80 10.92 10.30  9.94 13.8705  0.0157 0.11 0.00 0.13 0.02 2889.  104.  5.6  1.0  12.98 13.84  9.18 12.14  4.83  1.76  5.47
Sp2224+2230  22244238+2230425 1875075420267288064 336.1765302  22.5118489 15.52 13.71 11.81 11.25 10.88 20.8768  0.0404 0.11 0.00 0.13 0.02 2866.  105.  5.8  1.0   7.87 12.02  5.57 10.54  4.02  1.21  3.73
Sp2226-7503  22264440-7503425 6357834388848708224 336.6857951 -75.0618139 16.81 14.34 12.35 11.70 11.25 23.4800  0.0778 0.10 0.00 0.12 0.01 2793.  105.  6.2  1.0   4.94 12.11  3.50  9.64  4.26  1.22  3.76
Sp2228-1325  22285440-1325178 2601148128510120576 337.2264140 -13.4220719 14.56 12.87 10.77 10.22  9.84 10.8820  0.0112 0.09 0.00 0.12 0.01 2716.  105.  6.8  1.1  15.02 16.69 10.62 13.12  5.52  2.22  6.91
Sp2234+2359  22341394+2359559 1876972009105701504 338.5587575  23.9988553 17.84 16.34 13.14 12.35 11.84 18.4805  0.0659 0.08 0.00 0.10 0.01 2295.  105.  9.7  1.1   1.74 11.52  1.23  8.15  4.66  1.81  5.51
Sp2241-7500  22415937-7500329 6381623044470172672 340.4964305 -75.0091829 13.94 12.25 10.43  9.90  9.60 12.4314  0.0111 0.11 0.00 0.14 0.02 2944.  104.  5.3  0.9  17.09 11.74 12.08 11.22  4.27  1.68  5.28
Sp2259-5420  22590642-5420357 6506200976072829184 344.7783671 -54.3432834 16.43 14.36 12.25 11.62 11.22 20.7099  0.0564 0.10 0.00 0.12 0.01 2712.  105.  6.8  1.1   5.22 13.26  3.69 10.12  4.46  1.34  4.13
Sp2306-0502  23062928-0502285 2635476908753563008 346.6223839  -5.0413977 15.65 13.62 11.35 10.72 10.30 12.4299  0.0187 0.09 0.00 0.11 0.01 2629.  105.  7.4  1.1  11.62 17.65  8.22 12.81  5.67  2.12  6.55
Sp2315-0627  23155449-0627462 2631857350835259392 348.9771187  -6.4628983 14.82 12.93 11.11 10.57 10.23 16.8314  0.0218 0.11 0.00 0.14 0.02 2940.  104.  5.3  0.9   9.96 11.49  7.04 10.86  4.02  1.35  4.22
Sp2327-1741  23272645-1741329 2393563872239260928 351.8602124 -17.6924379 15.55 13.76 11.75 11.20 10.84 18.4059  0.0283 0.10 0.00 0.12 0.02 2778.  105.  6.3  1.0   8.76 13.49  6.20 11.09  4.42  1.39  4.29
Sp2330-4736  23301612-4736459 6526541563232943872 352.5661971 -47.6125234 15.25 13.30 11.23 10.64 10.28 13.5526  0.0286 0.10 0.00 0.12 0.01 2738.  105.  6.6  1.0  11.96 16.16  8.45 12.70  5.30  1.90  5.87
Sp2331-2749  23312174-2749500 2331849006126794880 352.8406513 -27.8304464 15.88 14.03 11.65 11.05 10.65 13.6587  0.0294 0.09 0.00 0.11 0.01 2573.  105.  7.8  1.1   9.31 16.60  6.59 11.85  5.21  1.87  5.78
Sp2334+1933  23343945+1933041 2824567482526264576 353.6641768  19.5511199 17.06 14.84 12.78 12.05 11.62 26.0142  0.1262 0.10 0.00 0.11 0.01 2741.  104.  6.6  1.0   3.52 11.57  2.49  8.64  4.23  1.17  3.60
Sp2335-0223  23351050-0223214 2640434056928150400 353.7935953  -2.3890597 12.64 10.88  9.15  8.51  8.18  7.1782  0.0055 0.12 0.00 0.14 0.02 3007.  105.  4.9  0.9  37.43 11.71 26.47 11.38  4.57  2.38  7.65
Sp2346+1129  23464599+1129094 2760661255379706240 356.6917490  11.4859638 17.39 15.57 12.80 12.10 11.61 19.6741  0.0730 0.08 0.00 0.11 0.01 2463.  105.  8.5  1.1   2.75 12.39  1.94  8.76  4.52  1.53  4.66
Sp2347+2702  23473680+2702068 2865029029391974400 356.9037071  27.0352540 17.86 16.25 13.19 12.46 11.98 21.3903  0.0873 0.08 0.00 0.10 0.01 2389.  105.  9.0  1.1   1.73 10.16  1.22  7.18  4.19  1.47  4.48
Sp2350+0806  23503956+0806237 2758618568934035456 357.6648315   8.1065734 16.17 14.36 12.27 11.64 11.35 21.1478  0.0602 0.09 0.00 0.12 0.01 2724.  105.  6.7  1.1   5.20 13.16  3.68 10.16  4.33  1.27  3.91
Sp2354-3316  23540928-3316266 2313836153805786624 358.5384092 -33.2740991 17.58 15.65 13.05 12.37 11.88 23.2151  0.1005 0.09 0.00 0.11 0.01 2505.  105.  8.2  1.1   2.52 10.53  1.78  7.45  4.04  1.27  3.87
