Sp_ID, 2MASS_ID, Gaia_ID, RA, DEC, G, I, J, H, K, Dis, e_Dis, M, e_M, R, e_R,  T_eff, e_Teff, SpT, e_Spt, SNR_TESS_temp, SNR_Spec_temp, SNR_TESS_HZ, SNR_Spec_HZ, SNR_JWST_HZ_tr,  SNR_JWST_HZ_occ, SNR_JWST_temp_occ
Sp1256-1257  00000000-0000000 0000000000000000000 194.0089583 -12.9558528 50.00 13.33 11.02 50.00 10.05 15.6200  4.3900 0.11 0.03 0.17 0.06 2611.  144.  7.5  1.0   6.07  8.50  4.29  6.01  2.83  1.24  3.91
Sp1144+6043  00000000-0000000 0000000000000000000 176.0210833  60.7300250 50.00 14.23 12.30 50.00 11.30 26.0000  3.0000 0.11 0.01 0.13 0.02 2831.  154.  6.0  1.0   5.05 11.08  3.57  7.83  3.83  1.07  3.31
Sp0004-1709  00045753-1709369 2414623952318068224   1.2398172 -17.1602658 14.60 12.77 11.00 10.46 10.08 17.0426  0.0355 0.12 0.00 0.14 0.02 2985.  104.  5.0  0.9  10.02 10.62  7.08 10.42  3.80  1.30  4.07
Sp0019+0450  00192745+0450297 2741250786341356288   4.8645149   4.8416454 15.34 13.80 11.98 11.40 11.09 24.7101  0.0741 0.11 0.00 0.14 0.02 2940.  105.  5.3  0.9   6.66 10.57  4.71  9.90  3.50  0.97  3.02
Sp0034+4050  00343787+4050022 381017479521263360    8.6578953  40.8339243 15.35 13.65 11.77 11.21 10.88 20.9763  0.0504 0.11 0.00 0.13 0.02 2882.  104.  5.7  1.0   7.79 11.73  5.51 10.49  3.92  1.17  3.61
Sp0045-3604  00455585-3604565 5001224335106301824  11.4826904 -36.0823908 15.36 13.77 11.94 11.39 11.06 24.3541  0.0706 0.11 0.00 0.14 0.02 2935.  104.  5.3  0.9   6.67 10.49  4.72  9.84  3.48  0.98  3.04
Sp0050-2008  00500971-2008427 2356590216775021696  12.5405662 -20.1452616 15.49 13.99 12.18 11.61 11.35 27.6419  0.0653 0.11 0.00 0.14 0.02 2951.  104.  5.2  0.9   6.00  9.68  4.24  9.22  3.21  0.85  2.64
Sp0051+1844  00512228+1844120 2788907296779605376  12.8429325  18.7364925 15.33 13.29 11.51 11.05 10.79 22.3215  0.0694 0.12 0.00 0.15  NaN 2983.  297.  5.0  1.8   6.89  9.35  4.87  9.51  3.19  0.94  2.93
Sp0052+6724  00522625+6724083 526331891194068736   13.1083732  67.4023238 15.71 13.88 12.07 11.49 11.17 26.2921  0.0654 0.11 0.00 0.14 0.02 2955.  105.  5.2  0.9   6.28 10.09  4.44  9.55  3.37  0.92  2.84
Sp0103-5351  01031199-5351433 4926974486681928192  15.7997247 -53.8620382 16.17 14.07 12.21 11.55 11.20 25.3584  0.0525 0.11 0.00 0.13 0.02 2909.  104.  5.5  1.0   6.19 11.13  4.38  9.81  3.81  1.04  3.22
Sp0124+6819  01242326+6819312 531859307941994240   21.0998763  68.3253372 15.38 13.26 11.47 10.92 10.54 20.7784  0.0569 0.12 0.00 0.14 0.02 2974.  105.  5.1  0.9   7.75 10.39  5.48 10.05  3.64  1.12  3.49
Sp0207-2955  02074644-2955235 5020168989172195456  31.9436131 -29.9231980 15.50 13.99 12.21 11.68 11.34 29.9394  0.0702 0.12 0.00 0.15 0.02 2984.  104.  5.0  0.9   5.39  8.75  3.81  8.63  2.96  0.77  2.41
Sp0208+4949  02081366+4949023 358275352812913792   32.0581127  49.8171322 15.66 13.86 12.04 11.48 11.14 25.6479  0.0670 0.11 0.00 0.14 0.02 2942.  104.  5.3  0.9   6.41 10.27  4.53  9.64  3.42  0.94  2.92
Sp0212+1032  02124635+1032546 72354810070468224    33.1931397  10.5485618 15.19 13.24 11.39 10.91 10.52 18.9422  0.0577 0.11 0.00 0.14 0.02 2910.  105.  5.5  1.0   8.32 10.98  5.89 10.30  3.78  1.21  3.76
Sp0216-2200  02162144-2200490 5123785831102567680  34.0892387 -22.0135245 14.84 13.10 11.31 10.76 10.40 19.2721  0.0388 0.12 0.00 0.14 0.02 2973.  104.  5.1  0.9   8.45 10.57  5.98 10.25  3.72  1.18  3.69
Sp0222+3033  02220239+3033589 132194493461817088   35.5106602  30.5663800 15.94 14.08 12.20 11.60 11.25 25.3890  0.1251 0.11 0.00 0.13 0.02 2891.  104.  5.6  1.0   5.95 10.80  4.21  9.57  3.66  1.01  3.12
Sp0228+0310  02280987+0310575 2515419825368053120  37.0411747   3.1828665 15.34 13.47 11.67 11.12 10.79 22.5399  0.0778 0.12 0.00 0.14 0.02 2966.  104.  5.1  0.9   7.10 10.25  5.02  9.90  3.51  1.03  3.20
Sp0235+6314  02350634+6314325 514142567849992832   38.7789220  63.2424668 15.72 13.99 12.15 11.66 11.35 27.4260  0.0539 0.11 0.00 0.14 0.02 2929.  105.  5.4  1.0   5.86  9.43  4.14  9.00  3.12  0.84  2.60
Sp0237-3434  02370217-3434315 5062172669818053760  39.2590621 -34.5754842 15.93 14.05 12.20 11.57 11.24 25.4967  0.0558 0.11 0.00 0.13 0.02 2905.  104.  5.5  1.0   6.18 10.85  4.37  9.68  3.67  1.01  3.11
Sp0246-0459  02461477-0459182 5184938400096586112  41.5621764  -4.9890437 14.33 12.77 10.97 10.50 10.15 16.7560  0.0263 0.12 0.00 0.15 0.02 2959.  104.  5.2  0.9   9.93 10.50  7.02 10.34  3.71  1.27  3.98
Sp0248+1916  02483544+1916294 83872744127196416    42.1478760  19.2747594 16.13 14.11 12.23 11.61 11.26 24.9518  0.0850 0.11 0.00 0.13 0.02 2876.  104.  5.7  1.0   5.81 11.12  4.11  9.67  3.78  1.05  3.23
Sp0250-0808  02500239-0808417 5174318457801944448  42.5102132  -8.1448597 15.64 13.64 11.87 11.19 10.86 23.9277  0.0703 0.12 0.00 0.14 0.02 2987.  104.  5.0  0.9   7.07 10.85  5.00 10.21  3.71  1.05  3.25
Sp0301+4416  03010320+4416567 432824886875420672   45.2634447  44.2824991 15.81 13.85 12.05 11.38 10.99 25.1984  0.1134 0.12 0.00 0.13 0.02 2963.  104.  5.2  0.9   6.81 10.92  4.82 10.02  3.72  1.03  3.20
Sp0310+0234  03100340+0234269 769456276704128      47.5140981   2.5741962 14.63 13.11 11.29 10.82 10.53 18.8251  0.0350 0.11 0.00 0.14 0.02 2938.  104.  5.3  0.9   8.40 10.54  5.94 10.24  3.62  1.15  3.58
Sp0320-5520  03205885-5520157 4733921479163010688  50.2462569 -55.3376987 15.91 13.94 12.07 11.45 11.08 23.7305  0.0451 0.11 0.00 0.13 0.02 2892.  104.  5.6  1.0   7.19 11.52  5.09 10.14  3.87  1.09  3.38
Sp0321+3847  03212992+3847294 235505877319305088   50.3744939  38.7914997 15.95 14.06 12.10 11.53 11.18 22.2438  0.0558 0.10 0.00 0.13 0.02 2813.  105.  6.1  1.0   6.85 12.11  4.84 10.17  4.00  1.16  3.58
Sp0324-7727  03242687-7727053 4626805063519952640  51.1161940 -77.4515377 16.07 13.89 12.10 11.46 11.05 26.4221  0.0676 0.12 0.00 0.14 0.02 2970.  104.  5.1  0.9   6.40 10.30  4.53  9.60  3.53  0.97  3.01
Sp0348-6836  03484297-6836087 4667501596636209792  57.1807249 -68.6023481 15.55 13.73 11.95 11.32 10.97 25.0595  0.0473 0.12 0.00 0.14 0.02 2977.  104.  5.1  0.9   6.64 10.45  4.70  9.89  3.53  0.98  3.05
Sp0353-3441  03532122-3441395 4859110361272954752  58.3382207 -34.6942692 15.37 13.67 11.87 11.28 10.95 23.8165  0.0377 0.11 0.00 0.14 0.02 2955.  104.  5.2  0.9   6.89 10.60  4.87 10.00  3.57  1.01  3.13
Sp0354+3333  03540082+3333323 218519487823384192   58.5040813  33.5585742 15.52 13.66 11.84 11.27 10.92 23.2472  0.0589 0.11 0.00 0.14 0.02 2941.  104.  5.3  0.9   7.02 10.72  4.96 10.02  3.62  1.04  3.23
Sp0354-1437  03542008-1437388 5110641513191522304  58.5836954 -14.6273802 15.40 13.13 11.34 10.73 10.33 19.0637  0.2355 0.12 0.00 0.14 0.02 2975.  105.  5.1  0.9   8.76 11.10  6.19 10.52  3.94  1.26  3.93
Sp0413-2704  04133980-2704291 4889645826401308416  63.4160913 -27.0748050 16.08 14.11 12.20 11.57 11.20 23.6469  0.0461 0.10 0.00 0.12 0.01 2847.  104.  5.9  1.0   6.16 11.72  4.36  9.91  3.99  1.13  3.49
Sp0428+0728  04284963+0728355 3287088009506738048  67.2067955   7.4765581 15.81 13.83 12.03 11.51 11.20 26.7569  0.1244 0.11 0.00 0.14 0.02 2960.  105.  5.2  0.9   5.95  9.53  4.21  9.28  3.14  0.85  2.65
Sp0436+5211  04362265+5211506 272752039871123712   69.0941704  52.1973798 15.45 13.71 11.86 11.30 10.96 22.7141  0.0494 0.11 0.00 0.14 0.02 2911.  105.  5.5  1.0   7.18 11.05  5.07 10.14  3.69  1.07  3.31
Sp0446+4844  04461849+4844518 258996015538087680   71.5793797  48.7477206 15.07 13.44 11.56 11.06 10.76 19.4143  0.0441 0.10 0.00 0.13 0.02 2878.  105.  5.7  1.0   8.19 11.58  5.79 10.55  3.87  1.19  3.69
Sp0455+0244  04553028+0244232 3232309683080514560  73.8761907   2.7398263 15.42 13.90 12.02 11.58 11.25 24.9435  0.0552 0.11 0.00 0.14 0.02 2886.  104.  5.6  1.0   6.28 10.05  4.44  9.40  3.26  0.91  2.83
Sp0459-3348  04595719-3348509 4825454963182167424  74.9881913 -33.8140393 15.66 13.87 12.09 11.53 11.15 28.0784  0.0622 0.12 0.00 0.14 0.02 2989.  104.  5.0  0.9   5.78  9.30  4.08  9.08  3.15  0.85  2.64
Sp0523-7658  05235031-7658375 4624065321061824512  80.9608112 -76.9770227 15.57 13.74 11.96 11.36 11.01 25.9185  0.0476 0.12 0.00 0.14 0.02 2988.  104.  5.0  0.9   6.32  9.97  4.47  9.62  3.37  0.93  2.89
Sp0528+0258  05281462+0258098 3235885299189354496  82.0609587   2.9693888 15.20 13.51 11.65 11.19 10.90 21.2358  0.0643 0.11 0.00 0.14 0.02 2898.  106.  5.6  1.0   7.31 10.60  5.17  9.99  3.52  1.05  3.26
Sp0556+1546  05560053+1546011 3348805143361118464  89.0021548  15.7669051 14.76 13.19 11.37 10.82 10.51 19.0349  0.0309 0.11 0.00 0.14 0.02 2946.  104.  5.3  0.9   8.58 11.12  6.07 10.55  3.84  1.21  3.76
Sp0557+1708  05571910+1708279 3349802297332186496  89.3297085  17.1409934 15.46 13.74 11.80 11.29 11.00 20.4375  0.0542 0.10 0.00 0.13 0.02 2831.  105.  6.0  1.0   7.83 11.95  5.54 10.46  3.90  1.17  3.62
Sp0557+0048  05574866+0048025 3314939979068074624  89.4527570   0.8006912 15.74 13.74 11.84 11.28 10.90 21.0540  0.0579 0.11 0.00 0.13 0.02 2860.  104.  5.8  1.0   7.77 11.94  5.50 10.46  3.99  1.19  3.69
Sp0616+4946  06164683+4946119 970866499583941120   94.1960733  49.7700006 15.77 13.97 12.18 11.62 11.36 28.4436  0.0911 0.11 0.00 0.14 0.02 2968.  105.  5.1  0.9   5.75  9.30  4.07  9.04  3.08  0.81  2.51
Sp0624+2815  06242138+2815056 3433594669734887424  96.0889802  28.2515137 15.86 14.08 12.26 11.66 11.31 27.6122  0.0817 0.11 0.00 0.14 0.02 2935.  104.  5.3  0.9   5.39  9.94  3.81  9.17  3.38  0.90  2.80
Sp0627+5651  06273836+5651406 998219810558747904   96.9092777  56.8612417 15.79 13.89 12.08 11.49 11.16 26.3282  0.0722 0.12 0.00 0.14 0.02 2957.  104.  5.2  0.9   6.30 10.13  4.46  9.56  3.39  0.92  2.86
Sp0634+2413  06343934+2413528 3382740882560780928  98.6637582  24.2313232 15.54 13.72 11.92 11.33 10.98 24.7687  0.0575 0.12 0.00 0.14 0.02 2964.  105.  5.2  0.9   6.62 10.36  4.68  9.82  3.49  0.98  3.04
Sp0644+7206  06443003+7206516 1113083282052337792 101.1247717  72.1143586 16.25 14.03 12.12 11.51 11.11 23.1139  0.0539 0.11 0.00 0.13 0.02 2849.  105.  5.9  1.0   7.00 11.79  4.95 10.05  3.98  1.15  3.54
Sp0656+2211  06560887+2211380 3379956708664289280 104.0368867  22.1939326 15.72 13.89 12.11 11.51 11.16 27.6224  0.1618 0.12 0.00 0.14 0.02 2983.  105.  5.0  0.9   5.99  9.67  4.24  9.29  3.28  0.88  2.73
Sp0707-2742  07074308-2742463 5609768282659317376 106.9295309 -27.7128659 15.78 13.81 12.01 11.43 11.03 25.7441  0.0524 0.12 0.00 0.14 0.02 2961.  104.  5.2  0.9   6.37 10.18  4.50  9.63  3.43  0.95  2.96
Sp0717-1004  07174262-1004500 3047206526892169728 109.4277367 -10.0806710 15.76 13.87 12.06 11.47 11.15 26.2898  0.0786 0.12 0.00 0.14 0.02 2960.  104.  5.2  0.9   6.29 10.10  4.45  9.58  3.37  0.92  2.85
Sp0721+3714  07212545+3714063 898152604479525504  110.3552444  37.2349515 15.34 13.56 11.79 11.18 10.84 23.8143  0.0653 0.12 0.00 0.14 0.02 2985.  104.  5.0  0.9   6.86 10.26  4.85  9.88  3.52  1.00  3.12
Sp0729+7554  07291859+7554033 1136496317013163392 112.3280869  75.9008314 15.71 13.82 12.04 11.46 11.13 27.0528  0.0674 0.12 0.00 0.14 0.02 2983.  104.  5.0  0.9   6.02  9.65  4.26  9.37  3.23  0.88  2.72
Sp0729-4258  07292470-4258164 5512300532524769280 112.3523694 -42.9711813 15.48 13.92 12.14 11.59 11.26 28.8049  0.0446 0.12 0.00 0.14 0.02 2987.  104.  5.0  0.9   5.62  9.09  3.98  8.94  3.06  0.81  2.51
Sp0730-0339  07303040-0339337 3060426058267356928 112.6266388  -3.6593331 15.84 13.75 11.95 11.30 10.99 24.3939  0.0733 0.11 0.00 0.14 0.02 2965.  104.  5.2  0.9   6.92 10.90  4.89 10.17  3.65  1.02  3.15
Sp0731+0249  07312949+0249084 3136232952593850496 112.8728990   2.8190179 14.84 12.98 11.17 10.64 10.24 17.6826  0.0384 0.12 0.00 0.14 0.02 2952.  104.  5.2  0.9   9.32 11.00  6.59 10.50  3.88  1.30  4.05
Sp0732+5755  07320173+5755439 989380492985184768  113.0072751  57.9288514 15.48 13.75 11.92 11.38 11.09 24.2687  0.0449 0.11 0.00 0.14 0.02 2934.  105.  5.3  0.9   6.66 10.41  4.71  9.84  3.43  0.96  2.98
Sp0732+3427  07321859+3427025 893653883934749824  113.0774703  34.4504407 15.22 13.81 11.97 11.52 11.24 25.5758  0.0693 0.11 0.00 0.14 0.02 2925.  104.  5.4  1.0   6.09  9.66  4.30  9.35  3.12  0.86  2.68
Sp0745-4815  07452936-4815296 5518349869403884928 116.3723397 -48.2582084 15.69 13.77 11.99 11.38 11.06 26.1156  0.0851 0.12 0.00 0.14 0.02 2986.  104.  5.0  0.9   6.32 10.07  4.47  9.69  3.37  0.92  2.86
Sp0801+5624  08012112+5624042 1081127557137725696 120.3379788  56.4011159 15.45 13.56 11.77 11.16 10.83 22.9238  0.0469 0.12 0.00 0.14 0.02 2966.  104.  5.1  0.9   7.18 10.71  5.08 10.13  3.65  1.05  3.27
Sp0802+0319  08022064+0319434 3094290019967631360 120.5860138   3.3287614 15.95 14.07 12.22 11.70 11.37 27.5043  0.0949 0.11 0.00 0.14 0.02 2919.  105.  5.4  1.0   5.36  9.65  3.79  9.01  3.23  0.87  2.69
Sp0803+0827  08034469+0827000 3146187071877364992 120.9362178   8.4500041 15.36 13.63 11.83 11.28 11.01 23.9977  0.0660 0.11 0.00 0.14 0.02 2960.  105.  5.2  0.9   6.71 10.21  4.74  9.84  3.40  0.96  2.97
Sp0819-1345  08190454-1345384 5723469746454887936 124.7688882 -13.7606194 15.87 13.86 12.04 11.39 11.01 24.4970  0.0654 0.11 0.00 0.13 0.02 2937.  105.  5.3  0.9   6.95 11.14  4.92 10.10  3.77  1.06  3.27
Sp0825-2021  08253314-2021020 5706507649294127104 126.3880866 -20.3506267 16.01 14.07 12.27 11.62 11.30 28.3964  0.0744 0.12 0.00 0.14 0.02 2967.  104.  5.1  0.9   5.44  9.87  3.84  9.22  3.37  0.89  2.74
Sp0836-3250  08362576-3250299 5639822062919251328 129.1075598 -32.8417370 15.89 14.11 12.24 11.62 11.29 25.7969  0.0631 0.11 0.00 0.13 0.02 2898.  105.  5.6  1.0   5.68 10.79  4.01  9.56  3.66  1.00  3.08
Sp0848-7853  08483486-7853513 5209118447500280832 132.1432095 -78.8975994 15.72 14.03 12.22 11.69 11.38 28.7180  0.0614 0.11 0.00 0.14 0.02 2954.  104.  5.2  0.9   5.39  9.24  3.81  8.87  3.09  0.82  2.53
Sp0850-5227  08505482-5227158 5318399114355534592 132.7283297 -52.4544630 15.84 14.00 12.17 11.60 11.28 26.7276  0.0641 0.11 0.00 0.14 0.02 2931.  104.  5.4  0.9   6.22 10.05  4.40  9.34  3.37  0.91  2.82
Sp0854-0805  08541227-0804594 5756746775106229120 133.5514559  -8.0833980 15.00 13.45 11.56 11.08 10.81 19.5317  0.0319 0.10 0.00 0.14 0.02 2873.  104.  5.7  1.0   8.04 11.39  5.69 10.45  3.78  1.16  3.59
Sp0858+0758  08583481+0758555 585008772310106496  134.6450811   7.9821150 15.22 13.42 11.64 11.08 10.71 22.8542  0.0552 0.12 0.00 0.14 0.02 2989.  105.  5.0  0.9   7.01  9.98  4.95  9.76  3.47  1.02  3.17
Sp0919+2154  09192021+2154324 638558836873447040  139.8340971  21.9088530 15.91 14.15 12.22 11.64 11.35 24.3121  0.0718 0.10 0.00 0.13 0.02 2844.  105.  5.9  1.0   5.65 11.22  3.99  9.66  3.74  1.04  3.21
Sp0947-0020  09472006-0020093 3833990796878014720 146.8336304  -0.3359808 15.95 14.09 12.26 11.63 11.35 26.7832  0.0796 0.11 0.00 0.13 0.02 2922.  104.  5.4  1.0   5.54 10.39  3.92  9.44  3.49  0.93  2.88
Sp0947+3710  09473829+3710178 799611795418601728  146.9102282  37.1714560 15.81 14.04 12.19 11.67 11.34 26.7751  0.1346 0.11 0.00 0.14 0.02 2907.  104.  5.5  1.0   5.67  9.82  4.01  9.11  3.28  0.89  2.76
Sp0956-4234  09563699-4234273 5418335478542731136 149.1547806 -42.5743869 14.22 12.76 10.99 10.47 10.21 17.2579  0.0182 0.12 0.00 0.15 0.02 2989.  104.  5.0  0.9   9.80 10.31  6.93 10.34  3.64  1.22  3.81
Sp0958-5344  09584191-5344477 5404351271207811968 149.6754510 -53.7466259 15.65 13.78 11.89 11.29 10.99 21.6486  0.0406 0.11 0.00 0.13 0.02 2878.  105.  5.7  1.0   7.74 12.05  5.47 10.61  3.98  1.16  3.58
Sp0959+2002  09595607+2002347 627074437921562240  149.9834437  20.0426778 16.21 14.07 12.23 11.61 11.19 26.6042  0.1365 0.11 0.00 0.13 0.02 2924.  104.  5.4  1.0   5.76 10.42  4.07  9.38  3.60  0.98  3.04
Sp1025+0512  10252645+0512391 3860610076465867520 156.3602132   5.2108351 15.51 13.50 11.71 11.14 10.79 22.9677  0.0568 0.12 0.00 0.14 0.02 2973.  104.  5.1  0.9   7.04 10.31  4.98  9.91  3.54  1.03  3.20
Sp1029+2546  10294567+2546050 727468508191245568  157.4404252  25.7680458 15.80 14.05 12.24 11.66 11.31 28.4691  0.0883 0.12 0.00 0.14 0.02 2955.  104.  5.2  0.9   5.42  9.50  3.83  8.98  3.23  0.86  2.66
Sp1031-5338  10313234-5338010 5357078043648622976 157.8835530 -53.6336161 15.47 13.71 11.84 11.31 10.99 22.1359  0.0414 0.11 0.00 0.13 0.02 2888.  104.  5.6  1.0   7.27 11.15  5.14 10.16  3.69  1.08  3.34
Sp1032-5255  10324069-5255058 5357217647259627648 158.1680859 -52.9183264 15.58 13.80 11.98 11.38 11.01 24.3500  0.0739 0.11 0.00 0.14 0.02 2938.  104.  5.3  0.9   6.83 10.86  4.83 10.01  3.64  1.03  3.18
Sp1035-2058  10352029-2058382 5475243898288297088 158.8344634 -20.9773094 15.43 13.45 11.66 11.10 10.72 22.6515  0.0820 0.12 0.00 0.14 0.02 2977.  104.  5.1  0.9   7.09 10.18  5.01  9.84  3.53  1.04  3.24
Sp1037+3011  10372897+3011117 735453264711448064  159.3697580  30.1863302 15.46 13.74 11.79 11.29 10.97 20.0294  0.0532 0.10 0.00 0.13 0.02 2818.  104.  6.1  1.0   7.96 12.17  5.63 10.53  3.98  1.21  3.73
Sp1042-0323  10421676-0323396 3778200992769095808 160.5698832  -3.3944289 15.17 13.64 11.82 11.29 10.99 23.4263  0.0428 0.11 0.00 0.14 0.02 2939.  104.  5.3  0.9   6.84 10.39  4.83  9.88  3.46  0.99  3.07
Sp1051-4841  10513760-4841523 5362775747244035968 162.9044428 -48.6977911 15.13 13.36 11.58 11.03 10.69 22.1241  0.0398 0.12 0.00 0.14 0.02 2983.  104.  5.0  0.9   7.22 10.04  5.10  9.84  3.48  1.03  3.22
Sp1108+1545  11083181+1545524 3969552570469131648 167.1326710  15.7643261 15.56 13.84 12.05 11.61 11.32 28.1114  0.0892 0.11 0.00 0.15 0.02 2965.  105.  5.2  0.9   5.48  8.79  3.87  8.84  2.86  0.76  2.38
Sp1122-1431  11223007-1431016 3561445881810794368 170.6250249 -14.5172521 15.65 13.81 12.02 11.41 11.08 25.9890  0.0617 0.12 0.00 0.14 0.02 2974.  104.  5.1  0.9   6.39 10.22  4.52  9.72  3.42  0.94  2.91
Sp1130+4848  11300628+4848234 789148567894210560  172.5267121  48.8064467 15.71 13.86 12.09 11.49 11.15 27.5208  0.0988 0.12 0.00 0.14 0.02 2987.  104.  5.0  0.9   5.98  9.62  4.23  9.30  3.25  0.87  2.71
Sp1136-0755  11364099-0755121 3592116483788799744 174.1707096  -7.9199986 15.76 14.10 12.15 11.66 11.28 23.8884  0.0546 0.10 0.00 0.13 0.02 2821.  105.  6.1  1.0   5.83 10.86  4.12  9.42  3.62  1.04  3.20
Sp1138-2842  11385065-2842306 3483753359401247104 174.7108184 -28.7084878 15.96 14.02 12.19 11.62 11.26 27.1671  0.1130 0.11 0.00 0.14 0.02 2936.  104.  5.3  0.9   5.94  9.91  4.20  9.22  3.36  0.91  2.81
Sp1144-4302  11442489-4302535 5379241586700315904 176.1032038 -43.0481813 16.02 14.06 12.17 11.56 11.20 24.3927  0.0588 0.11 0.00 0.13 0.02 2875.  104.  5.7  1.0   6.36 11.28  4.49  9.81  3.82  1.07  3.30
Sp1147-5424  11472212-5424398 5344443383724940416 176.8417083 -54.4110540 15.96 13.90 12.07 11.44 11.02 24.9858  0.1607 0.12 0.00 0.13 0.02 2937.  105.  5.3  0.9   6.82 10.95  4.83  9.91  3.74  1.05  3.24
Sp1158-1900  11585941-1900423 3566923923617986560 179.7476114 -19.0118259 15.26 13.62 11.84 11.26 10.93 24.8366  0.0877 0.12 0.00 0.14 0.02 2988.  104.  5.0  0.9   6.50  9.90  4.60  9.65  3.36  0.95  2.94
Sp1159+2105  11595905+2105029 3999645142864600320 179.9960064  21.0841235 14.88 13.22 11.42 10.92 10.64 20.2209  0.0478 0.11 0.00 0.14 0.02 2955.  104.  5.2  0.9   7.82 10.30  5.53 10.08  3.53  1.08  3.37
Sp1201-2737  12014211-2737458 3486653767994941952 180.4251767 -27.6295257 15.95 14.02 12.12 11.56 11.23 23.9968  0.0663 0.10 0.00 0.13 0.02 2860.  105.  5.8  1.0   6.70 11.08  4.74  9.76  3.68  1.04  3.20
Sp1232+2528  12322390+2528259 3960456315067417600 188.0997027  25.4738772 15.47 13.55 11.71 11.09 10.78 20.7351  0.0550 0.11 0.00 0.13 0.02 2915.  105.  5.5  1.0   8.03 11.81  5.68 10.69  3.99  1.19  3.69
Sp1246+0706  12460939+0706248 3709637096929192960 191.5392483   7.1069183 15.45 13.46 11.64 11.02 10.63 20.7557  0.0469 0.12 0.00 0.13 0.02 2943.  104.  5.3  0.9   8.02 11.49  5.67 10.55  3.97  1.20  3.73
Sp1246+3148  12465176+3148104 1513479649714919936 191.7144551  31.8030276 16.23 14.13 12.23 11.58 11.21 24.1644  0.0884 0.11 0.00 0.12 0.01 2859.  104.  5.8  1.0   5.93 11.59  4.20  9.85  3.97  1.11  3.44
Sp1250-2121  12505265-2121136 3502592975744957824 192.7195204 -21.3537797 15.37 12.94 11.16 10.55 10.13 17.8315  0.0802 0.12 0.00 0.14 0.02 2986.  104.  5.0  0.9   9.56 11.09  6.76 10.58  3.98  1.33  4.17
Sp1251-3846  12513182-3846125 6152709705729644160 192.8816666 -38.7701247 15.75 13.91 12.09 11.56 11.25 26.6022  0.0874 0.11 0.00 0.14 0.02 2941.  104.  5.3  0.9   6.09  9.78  4.30  9.32  3.24  0.88  2.73
Sp1305+1934  13053667+1934566 3941419679982061824 196.4026974  19.5824491 15.87 13.90 12.13 11.51 11.14 27.7107  0.0787 0.12 0.00 0.14 0.02 2985.  104.  5.0  0.9   6.01  9.71  4.25  9.29  3.31  0.89  2.76
Sp1322+3902  13221937+3902389 1476452702297817728 200.5807728  39.0439181 15.23 13.43 11.63 11.04 10.73 21.6467  0.0374 0.12 0.00 0.14 0.02 2963.  104.  5.2  0.9   7.55 10.78  5.34 10.24  3.70  1.09  3.40
Sp1327-3549  13275084-3549174 6166184667404110464 201.9613148 -35.8215056 15.50 13.77 11.96 11.37 11.05 25.0346  0.1091 0.12 0.00 0.14 0.02 2959.  104.  5.2  0.9   6.58 10.40  4.65  9.84  3.47  0.96  2.99
Sp1332+4240  13324830+4240274 1501343790124237312 203.2011379  42.6743387 14.97 13.30 11.52 10.95 10.65 21.4087  0.0376 0.12 0.00 0.14 0.02 2985.  104.  5.0  0.9   7.55 10.30  5.34 10.06  3.57  1.07  3.33
Sp1341+0805  13413291+0805048 3724596914697213056 205.3872174   8.0846868 16.02 14.01 12.15 11.51 11.13 24.7765  0.1169 0.11 0.00 0.13 0.02 2904.  105.  5.5  1.0   6.87 11.17  4.86  9.87  3.80  1.06  3.27
Sp1343+0825  13433878+0825436 3724701024704375424 205.9116583   8.4287429 15.92 14.00 12.19 11.53 11.22 26.6448  0.3435 0.11 0.00 0.13 0.02 2951.  105.  5.2  0.9   6.48 10.48  4.58  9.64  3.55  0.95  2.94
Sp1354+0846  13540876+0846083 3722120333475177984 208.5365290   8.7689585 16.37 14.04 12.19 11.61 11.16 26.3349  0.2891 0.12 0.00 0.13 0.02 2918.  105.  5.4  1.0   6.02 10.32  4.25  9.32  3.57  0.99  3.05
Sp1357+0830  13570124+0830060 3721866964764373760 209.2552164   8.5016983 15.60 13.79 12.00 11.47 11.14 26.4901  0.1030 0.12 0.00 0.14 0.02 2966.  105.  5.1  0.9   6.02  9.61  4.26  9.36  3.18  0.87  2.71
Sp1401-1220  14010525-1220381 3612604950963820160 210.2718741 -12.3439805 15.28 13.48 11.69 11.12 10.81 22.9020  0.0894 0.12 0.00 0.14 0.02 2977.  104.  5.1  0.9   7.04 10.22  4.98  9.92  3.49  1.01  3.14
Sp1423+1426  14234378+1426515 1228555023991501184 215.9323371  14.4475921 15.01 13.01 11.22 10.65 10.26 18.1831  0.0953 0.12 0.00 0.14 0.02 2966.  105.  5.1  0.9   9.13 10.98  6.46 10.49  3.89  1.28  4.00
Sp1427+6056  14270858+6056283 1618330448634358400 216.7862508  60.9411498 14.47 12.78 10.99 10.42 10.08 16.4357  0.0165 0.12 0.00 0.14 0.02 2971.  104.  5.1  0.9  10.55 11.19  7.46 10.78  3.98  1.37  4.28
Sp1453+1346  14531754+1346541 1185087343615401600 223.3241165  13.7822725 14.96 13.79 11.95 11.40 11.11 24.1674  0.1763 0.11 0.00 0.14 0.02 2923.  105.  5.4  1.0   6.73 10.61  4.76  9.91  3.48  0.98  3.02
Sp1508-3445  15085864-3445362 6201178377303387648 227.2437769 -34.7601373 15.79 13.97 12.17 11.59 11.26 27.8271  0.2016 0.12 0.00 0.14 0.02 2963.  105.  5.2  0.9   5.96  9.64  4.22  9.18  3.25  0.87  2.68
Sp1509-2853  15095284-2853178 6212470288706198656 227.4702512 -28.8883398 15.65 14.01 12.22 11.68 11.39 29.5615  0.0943 0.12 0.00 0.14 0.02 2977.  104.  5.1  0.9   5.45  8.95  3.86  8.78  2.99  0.78  2.41
Sp1520-3559  15201272-3559244 6199925071490964992 230.0530790 -35.9901714 15.00 13.29 11.47 11.01 10.64 20.6999  0.0725 0.11 0.00 0.14 0.02 2944.  104.  5.3  0.9   7.52 10.16  5.32  9.87  3.50  1.08  3.36
Sp1527-0918  15270453-0918163 6317869099684480768 231.7688498  -9.3046105 15.20 13.48 11.69 11.14 10.81 22.8967  0.0503 0.12 0.00 0.14 0.02 2971.  104.  5.1  0.9   6.99 10.15  4.94  9.85  3.47  1.01  3.14
Sp1545+4350  15453035+4350540 1396608607429590912 236.3765249  43.8481906 15.78 14.06 12.23 11.65 11.31 27.6952  0.0753 0.11 0.00 0.14 0.02 2940.  104.  5.3  0.9   5.54  9.82  3.91  9.15  3.33  0.89  2.75
Sp1550+0616  15500475+0616467 4429874387730820608 237.5197731   6.2796346 15.49 13.78 11.97 11.41 11.08 24.9813  0.0707 0.11 0.00 0.14 0.02 2946.  104.  5.3  0.9   6.52 10.33  4.61  9.76  3.43  0.95  2.96
Sp1600+1946  16002476+1946290 1203375829760178688 240.1032143  19.7746879 15.55 13.94 12.08 11.53 11.23 25.0609  0.0501 0.11 0.00 0.13 0.02 2905.  104.  5.5  1.0   6.58 10.54  4.65  9.67  3.48  0.96  2.97
Sp1601-3455  16011689-3455015 6011124768801217408 240.3203605 -34.9171449 15.63 13.87 12.06 11.51 11.14 26.4197  0.0807 0.12 0.00 0.14 0.02 2951.  104.  5.2  0.9   6.15  9.87  4.35  9.38  3.31  0.91  2.82
Sp1602+0131  16024164+0131580 4412417304175836544 240.6735114   1.5328311 14.47 12.66 10.89 10.39 10.03 16.6460  0.0276 0.12 0.00 0.15 0.02 2990.  104.  5.0  0.9  10.35 10.16  7.32 10.18  3.66  1.27  4.00
Sp1604-3303  16041900-3303104 6036120928708232448 241.0789070 -33.0530202 16.00 13.77 11.96 11.34 10.95 24.5765  0.0716 0.12 0.00 0.14 0.02 2955.  105.  5.2  0.9   6.78 10.72  4.80  9.96  3.63  1.03  3.18
Sp1628+0737  16281719+0737185 4440061500403600768 247.0716604   7.6218515 15.88 14.05 12.20 11.66 11.32 26.9656  0.0702 0.11 0.00 0.14 0.02 2918.  105.  5.4  1.0   5.67  9.90  4.01  9.16  3.33  0.90  2.79
Sp1637+3535  16370146+3535456 1327654969076730880 249.2557757  35.5957868 14.70 12.92 11.13 10.54 10.24 17.6904  0.0192 0.12 0.00 0.14 0.02 2982.  104.  5.0  0.9   9.60 11.00  6.79 10.66  3.89  1.28  3.99
Sp1645-0112  16452821-0112287 4382187125322637312 251.3675073  -1.2080488 15.97 14.05 12.21 11.60 11.27 26.2958  0.0850 0.11 0.00 0.13 0.02 2918.  104.  5.4  1.0   5.96 10.43  4.21  9.47  3.53  0.96  2.96
Sp1647+4117  16470576+4117062 1356259176389722112 251.7739580  41.2851863 15.91 14.02 12.14 11.51 11.14 24.0295  0.0464 0.11 0.00 0.13 0.02 2880.  104.  5.7  1.0   6.89 11.49  4.87  9.98  3.90  1.10  3.39
Sp1654-3818  16541588-3818593 5970493789759784192 253.5659264 -38.3165746 15.98 13.91 12.08 11.45 11.06 25.2380  0.0754 0.12 0.00 0.13 0.02 2938.  105.  5.3  0.9   6.74 10.82  4.76  9.85  3.68  1.02  3.16
Sp1700-1654  17001742-1654448 4132842313621569792 255.0724997 -16.9124914 16.05 14.12 12.21 11.62 11.23 24.4908  0.0950 0.11 0.00 0.13 0.02 2857.  105.  5.8  1.0   5.82 11.15  4.11  9.61  3.81  1.07  3.31
Sp1710+2758  17102828+2758099 4575010197472244352 257.6178682  27.9694018 15.43 13.67 11.85 11.27 10.94 23.3721  0.0358 0.11 0.00 0.14 0.02 2944.  104.  5.3  0.9   7.02 10.77  4.97 10.08  3.62  1.03  3.21
Sp1718+6802  17182421+6802330 1637446836968370176 259.5995790  68.0424685 15.60 13.90 12.11 11.51 11.15 27.2888  0.0550 0.12 0.00 0.14 0.02 2973.  104.  5.1  0.9   6.07  9.78  4.29  9.33  3.32  0.90  2.78
Sp1734-0849  17340869-0849514 4168368844280868992 263.5361708  -8.8310416 14.14 12.70 10.90 10.40 10.05 16.1498  0.0212 0.12 0.00 0.14 0.02 2965.  104.  5.2  0.9  10.64 10.74  7.53 10.51  3.83  1.34  4.18
Sp1735+0012  17353749+0012209 4373813863241766784 263.9062118   0.2058569 15.29 13.57 11.79 11.22 10.87 24.5024  0.0671 0.12 0.00 0.14 0.02 2991.  105.  5.0  0.9   6.54  9.81  4.63  9.61  3.36  0.95  2.97
Sp1744-5834  17442494-5834151 5918136424731578240 266.1043283 -58.5708801 15.75 13.96 12.02 11.49 11.13 22.1070  0.0565 0.10 0.00 0.13 0.02 2822.  104.  6.1  1.0   7.40 11.87  5.24 10.19  3.87  1.13  3.50
Sp1746-0551  17462352-0551490 4175226257790341504 266.5979953  -5.8636379 15.58 13.79 11.98 11.39 11.08 24.9590  0.0630 0.11 0.00 0.14 0.02 2949.  104.  5.2  0.9   6.60 10.50  4.67  9.87  3.48  0.97  2.99
Sp1749+2241  17495948+2241069 4580216762992082048 267.4976275  22.6852268 16.09 14.19 12.17 11.67 11.29 22.6991  0.2363 0.10 0.00 0.13 0.02 2774.  105.  6.4  1.0   5.46 11.58  3.86  9.63  3.82  1.12  3.44
Sp1755+5824  17553340+5824269 1421971866781082112 268.8902441  58.4076399 15.58 13.68 11.82 11.23 10.88 21.6751  0.0360 0.11 0.00 0.13 0.02 2902.  104.  5.5  1.0   7.64 11.65  5.41 10.46  3.92  1.15  3.57
Sp1757-4419  17574638-4419177 5956044179742203520 269.4430916 -44.3215825 15.37 13.39 11.59 10.96 10.65 20.9796  0.0516 0.12 0.00 0.14 0.02 2966.  104.  5.1  0.9   7.92 11.12  5.60 10.48  3.84  1.15  3.57
Sp1758+3157  17580020+3157269 4603189168664878208 269.5007199  31.9575404 15.75 13.93 12.13 11.54 11.17 27.1945  0.0526 0.12 0.00 0.14 0.02 2961.  104.  5.2  0.9   6.08  9.81  4.30  9.29  3.33  0.90  2.79
Sp1804-3129  18041462-3129284 4043852481204049536 271.0609129 -31.4913600 15.15 13.55 11.72 11.15 10.88 21.6666  0.0690 0.11 0.00 0.14 0.02 2929.  104.  5.4  1.0   7.53 11.13  5.33 10.36  3.73  1.09  3.37
Sp1812+2536  18124242+2536013 4579668141049191040 273.1766443  25.6003686 15.06 13.32 11.54 11.02 10.75 22.1834  0.0328 0.12 0.00 0.15 0.02 2988.  105.  5.0  0.9   7.12  9.77  5.03  9.77  3.35  0.98  3.07
Sp1819-4032  18191963-4032578 6726429375571878912 274.8318795 -40.5494447 15.72 13.71 11.90 11.26 10.92 23.6800  0.0560 0.12 0.00 0.13 0.02 2957.  104.  5.2  0.9   7.12 11.08  5.03 10.25  3.75  1.06  3.29
Sp1841+2421  18414791+2421595 4535850438020392704 280.4496079  24.3665819 15.31 13.55 11.72 11.09 10.76 21.0921  0.0338 0.11 0.00 0.13 0.02 2929.  105.  5.4  0.9   7.93 11.69  5.61 10.64  3.98  1.18  3.66
Sp1842-0014  18420390-0014261 4272395456154131456 280.5162630  -0.2406044 15.68 13.97 12.20 11.67 11.35 30.0588  0.0855 0.12 0.00 0.15 0.02 2989.  105.  5.0  0.9   5.33  8.65  3.77  8.62  2.90  0.76  2.36
Sp1846-3250  18460763-3250107 6736068072442493312 281.5318593 -32.8362832 15.01 13.21 11.43 10.86 10.55 20.5239  0.0516 0.12 0.00 0.14 0.02 2984.  104.  5.0  0.9   7.90 10.38  5.59 10.14  3.62  1.11  3.46
Sp1848-6855  18482096-6855350 6431977687725247104 282.0848396 -68.9262185 15.51 13.78 11.89 11.40 11.10 22.6506  0.0804 0.10 0.00 0.14 0.02 2875.  105.  5.7  1.0   7.02 10.91  4.96  9.97  3.56  1.03  3.18
Sp1851+2641  18514525+2641569 4538002628953515392 282.9386761  26.6991013 15.32 13.64 11.79 11.22 10.88 21.9026  0.0307 0.11 0.00 0.13 0.02 2912.  105.  5.5  1.0   7.46 11.25  5.27 10.29  3.78  1.11  3.44
Sp1852-0305  18521549-0305552 4258755778197107200 283.0645573  -3.0986115 15.89 13.99 12.08 11.50 11.12 23.3376  0.0610 0.11 0.00 0.13 0.02 2861.  105.  5.8  1.0   7.22 11.54  5.11 10.03  3.86  1.10  3.41
Sp1852-5708  18525777-5708141 6637022759333088768 283.2398338 -57.1372059 15.83 13.83 12.03 11.43 11.06 25.6303  0.0755 0.12 0.00 0.14 0.02 2958.  104.  5.2  0.9   6.48 10.38  4.58  9.74  3.49  0.97  2.99
Sp1904-4229  19042184-4229483 6712572780258551168 286.0910912 -42.4967815 15.80 14.03 12.22 11.66 11.30 28.5149  0.1101 0.12 0.00 0.14 0.02 2957.  104.  5.2  0.9   5.51  9.41  3.90  8.94  3.20  0.85  2.64
Sp1907+0443  19072214+0443554 4269411798275964800 286.8422408   4.7320333 15.28 13.33 11.51 10.92 10.60 19.7442  0.0450 0.11 0.00 0.14 0.02 2939.  104.  5.3  0.9   8.34 11.43  5.90 10.63  3.93  1.21  3.75
Sp1917-3019  19170448-3019198 6758930664392303232 289.2689410 -30.3222513 15.42 13.64 11.82 11.25 10.88 23.3043  0.0617 0.12 0.00 0.14 0.02 2949.  105.  5.2  0.9   7.00 10.63  4.95  9.98  3.61  1.04  3.24
Sp1926-4310  19260859-4310563 6665111226973054208 291.5355739 -43.1824601 15.32 13.80 11.94 11.42 11.12 23.7769  0.0487 0.11 0.00 0.14 0.02 2906.  104.  5.5  1.0   6.80 10.71  4.81  9.92  3.50  0.99  3.07
Sp1942-4115  19423007-4115124 6689574432978156160 295.6253312 -41.2534608 16.06 14.20 12.27 11.71 11.30 24.8612  0.1024 0.11 0.00 0.13 0.02 2836.  105.  6.0  1.0   5.14 10.84  3.64  9.27  3.73  1.05  3.24
Sp1944+0147  19441414+0147533 4241358824189862784 296.0589094   1.7981935 15.53 13.99 12.18 11.70 11.40 28.5980  0.2630 0.11 0.00 0.14 0.02 2946.  105.  5.3  0.9   5.56  8.97  3.93  8.75  2.96  0.79  2.44
Sp1956+0052  19563889+0052441 4237289050615531904 299.1621329   0.8789514 15.38 13.70 11.92 11.36 11.02 25.6847  0.0675 0.12 0.00 0.14 0.02 2981.  104.  5.0  0.9   6.27  9.79  4.43  9.53  3.30  0.91  2.84
Sp2022-3944  20221129-3944486 6692948039591889664 305.5474813 -39.7469132 15.90 14.12 12.27 11.70 11.41 27.1273  0.0827 0.11 0.00 0.13 0.02 2908.  104.  5.5  1.0   5.16 10.01  3.65  9.16  3.36  0.90  2.78
Sp2049+3216  20491376+3216514 1859954695858413184 312.3071438  32.2809245 15.33 13.56 11.77 11.18 10.86 23.3075  0.0435 0.12 0.00 0.14 0.02 2971.  104.  5.1  0.9   6.99 10.43  4.94  9.98  3.55  1.02  3.16
Sp2052-2318  20520861-2318096 6806826799639247744 313.0357145 -23.3028172 16.08 14.16 12.25 11.62 11.29 24.4888  0.0930 0.10 0.00 0.13 0.02 2854.  104.  5.8  1.0   5.59 11.36  3.95  9.70  3.86  1.07  3.31
Sp2053-5409  20530389-5409374 6470408677133171968 313.2666476 -54.1603238 15.69 14.03 12.17 11.66 11.35 26.3521  0.0625 0.11 0.00 0.14 0.02 2901.  104.  5.5  1.0   5.87  9.96  4.15  9.21  3.30  0.90  2.78
Sp2100-3236  21001883-3236371 6781861563497231232 315.0783689 -32.6103087 15.76 14.06 12.23 11.65 11.37 27.3004  0.0960 0.11 0.00 0.14 0.02 2930.  104.  5.4  0.9   5.60  9.94  3.96  9.25  3.32  0.88  2.73
Sp2107-3357  21072470-3357330 6777760556924773248 316.8534310 -33.9593321 15.94 14.03 12.22 11.57 11.18 27.0422  0.1034 0.12 0.00 0.13 0.02 2949.  104.  5.2  0.9   6.06 10.31  4.28  9.42  3.56  0.96  2.98
Sp2116+2238  21160629+2238462 1791810263689791488 319.0262972  22.6462308 15.61 13.70 11.78 11.30 10.83 20.9027  0.0482 0.11 0.00 0.13 0.02 2848.  104.  5.9  1.0   7.58 11.49  5.36 10.13  3.88  1.19  3.69
Sp2137-0527  21371732-0527443 2671286009606028672 324.3223339  -5.4623096 15.96 14.10 12.27 11.66 11.29 27.8247  0.0833 0.11 0.00 0.13 0.02 2938.  105.  5.3  0.9   5.27  9.93  3.72  9.13  3.41  0.91  2.82
Sp2146+3719  21460802+3719549 1952552782000889216 326.5335829  37.3319419 15.55 13.70 11.93 11.31 10.99 25.3449  0.0521 0.12 0.00 0.14 0.02 2988.  104.  5.0  0.9   6.50 10.16  4.60  9.78  3.43  0.95  2.95
Sp2201-0145  22013470-0145564 2676769445892285696 330.3947667  -1.7657393 15.52 13.86 12.08 11.52 11.22 27.6163  0.1023 0.12 0.00 0.14 0.02 2980.  104.  5.1  0.9   5.88  9.46  4.16  9.24  3.15  0.84  2.61
Sp2202+5305  22020247+5305570 1981274568353597696 330.5110024  53.0991589 16.20 14.18 12.26 11.69 11.30 25.0174  0.0556 0.11 0.00 0.13 0.02 2848.  105.  5.9  1.0   5.24 10.86  3.70  9.35  3.72  1.04  3.21
Sp2224-3901  22242239-3901197 6594527803147581568 336.0932979 -39.0221135 15.80 13.98 12.13 11.53 11.15 25.1499  0.0681 0.11 0.00 0.13 0.02 2908.  104.  5.5  1.0   6.72 10.79  4.75  9.69  3.66  1.02  3.15
Sp2233+3547  22334785+3547473 1904244261162888576 338.4494543  35.7964745 15.67 13.72 11.91 11.29 10.96 24.0342  0.0687 0.12 0.00 0.14 0.02 2958.  105.  5.2  0.9   6.95 10.84  4.91 10.12  3.65  1.03  3.19
Sp2241-3258  22414097-3258485 6597767685957278592 340.4217423 -32.9801732 15.51 13.82 12.02 11.52 11.21 27.0948  0.0605 0.12 0.00 0.15 0.02 2966.  104.  5.2  0.9   5.82  9.31  4.12  9.17  3.07  0.83  2.59
Sp2317-0236  23172072-0236323 2637726956221339136 349.3364489  -2.6090715 15.99 14.05 12.27 11.65 11.29 29.3734  0.0832 0.12 0.00 0.14 0.02 2981.  104.  5.1  0.9   5.28  9.37  3.73  8.93  3.22  0.84  2.62
Sp2329+4626  23292501+4626370 1938465628573574784 352.3547291  46.4436003 15.82 14.03 12.19 11.56 11.23 26.0183  0.0793 0.11 0.00 0.13 0.02 2925.  105.  5.4  1.0   6.33 10.65  4.47  9.65  3.60  0.98  3.02
Sp2333-2133  23334057-2133526 2388493745334271104 353.4195229 -21.5647466 15.54 13.69 11.86 11.31 10.93 23.5307  0.0572 0.11 0.00 0.14 0.02 2934.  104.  5.3  0.9   6.86 10.55  4.85  9.87  3.56  1.03  3.19
Sp2349-1344  23494609-1344119 2420188237068400512 357.4420840 -13.7366395 15.73 13.99 12.14 11.57 11.24 25.6818  0.1012 0.11 0.00 0.13 0.02 2912.  105.  5.5  1.0   6.50 10.45  4.60  9.55  3.49  0.96  2.96
Sp2358-6245  23584285-6245423 6487483783474213632 359.6816847 -62.7617864 14.90 13.18 11.39 10.83 10.52 19.8917  0.0257 0.12 0.00 0.14 0.02 2974.  104.  5.1  0.9   8.17 10.58  5.78 10.27  3.69  1.14  3.56
