   300.000000       2.75496448E-09
   305.000000       3.55193763E-09
   310.000000       4.81553597E-09
   315.000000       6.40349063E-09
   320.000000       6.92470969E-09
   325.000000       7.27321314E-09
   330.000000       9.46389722E-09
   335.000000       8.77871820E-09
   340.000000       9.13341225E-09
   345.000000       8.40718162E-09
   350.000000       9.46624379E-09
   355.000000       9.53064472E-09
   360.000000       8.44408987E-09
   365.000000       1.23735466E-08
   370.000000       1.21261783E-08
   375.000000       8.97115093E-09
   380.000000       1.02674802E-08
   385.000000       6.85317358E-09
   390.000000       1.02130926E-08
   395.000000       9.71969971E-09
   400.000000       1.88353155E-08
   405.000000       2.00775183E-08
   410.000000       2.23585293E-08
   415.000000       2.10016893E-08
   420.000000       2.08698285E-08
   425.000000       2.16573017E-08
   430.000000       2.13203162E-08
   435.000000       2.80660242E-08
   440.000000       2.65095537E-08
   445.000000       3.02281187E-08
   450.000000       3.43594380E-08
   455.000000       3.41768178E-08
   460.000000       3.59391805E-08
   465.000000       3.53170897E-08
   470.000000       3.45857458E-08
   475.000000       3.61634953E-08
   480.000000       3.73545923E-08
   485.000000       3.56927536E-08
   490.000000       3.48744820E-08
   495.000000       3.55476892E-08
   500.000000       3.35138246E-08
   505.000000       3.32479999E-08
   510.000000       3.25225358E-08
   515.000000       2.96917211E-08
   520.000000       2.93998816E-08
   525.000000       3.40800277E-08
   530.000000       3.62130699E-08
   535.000000       3.63577826E-08
   540.000000       3.58352032E-08
   545.000000       3.68022981E-08
   550.000000       3.71106665E-08
   555.000000       3.81027263E-08
   560.000000       3.69888191E-08
   565.000000       3.80938765E-08
   570.000000       3.81790457E-08
   575.000000       3.90203709E-08
   580.000000       3.88637602E-08
   585.000000       3.93592643E-08
   590.000000       3.61068935E-08
   595.000000       3.85807013E-08
   600.000000       3.80614189E-08
   605.000000       3.85899668E-08
   610.000000       3.75192570E-08
   615.000000       3.62953934E-08
   620.000000       3.70072080E-08
   625.000000       3.63207739E-08
   630.000000       3.65814827E-08
   635.000000       3.68948392E-08
   640.000000       3.68097837E-08
   645.000000       3.66084656E-08
   650.000000       3.63797064E-08
   655.000000       3.60405643E-08
   660.000000       3.63773545E-08
   665.000000       3.62120289E-08
   670.000000       3.60956527E-08
   675.000000       3.58012961E-08
   680.000000       3.57043355E-08
   685.000000       3.50927998E-08
   690.000000       3.43505171E-08
   695.000000       3.40612836E-08
   700.000000       3.34028059E-08
   705.000000       3.37204291E-08
   710.000000       3.37796386E-08
   715.000000       3.32162564E-08
   720.000000       3.23877849E-08
   725.000000       3.24537552E-08
   730.000000       3.18290354E-08
   735.000000       3.18992335E-08
   740.000000       3.16736930E-08
   745.000000       3.18503020E-08
   750.000000       3.15370023E-08
   755.000000       3.13093373E-08
   760.000000       3.11206811E-08
   765.000000       3.09989368E-08
   770.000000       3.08693728E-08
   775.000000       3.07413330E-08
   780.000000       3.05630721E-08
   785.000000       3.00317993E-08
   790.000000       2.91845819E-08
   795.000000       2.87367143E-08
   800.000000       2.90715558E-08
   805.000000       2.84647914E-08
   810.000000       2.83287722E-08
   815.000000       2.85064736E-08
   820.000000       2.74644449E-08
   825.000000       2.80691275E-08
   830.000000       2.76300351E-08
   835.000000       2.70966716E-08
   840.000000       2.72688450E-08
   845.000000       2.73872995E-08
   850.000000       2.66657381E-08
   855.000000       2.48050878E-08
   860.000000       2.59387907E-08
   865.000000       2.49218477E-08
   870.000000       2.57590997E-08
   875.000000       2.55742734E-08
   880.000000       2.50988439E-08
   885.000000       2.53835015E-08
   890.000000       2.50082799E-08
   895.000000       2.49228336E-08
   900.000000       2.43296370E-08
   905.000000       2.48282088E-08
   910.000000       2.34411530E-08
   915.000000       2.30399735E-08
   920.000000       2.30828103E-08
   925.000000       2.25959909E-08
   930.000000       2.30202382E-08
   935.000000       2.19373710E-08
   940.000000       2.34905446E-08
   945.000000       2.16297380E-08
   950.000000       2.26118342E-08
   955.000000       2.25621992E-08
   960.000000       2.17300720E-08
   965.000000       2.15301821E-08
   970.000000       2.13597442E-08
   975.000000       2.08373034E-08
   980.000000       2.10527276E-08
   985.000000       2.03720099E-08
   990.000000       2.07871107E-08
   995.000000       2.07669633E-08
   1000.00000       2.07357189E-08
   1005.00000       2.01081001E-08
   1010.00000       2.00458388E-08
   1015.00000       1.92533172E-08
   1020.00000       1.87136369E-08
   1025.00000       1.87699456E-08
   1030.00000       1.92941467E-08
   1035.00000       1.93250536E-08
   1040.00000       1.92212006E-08
   1045.00000       1.92394189E-08
   1050.00000       1.90476364E-08
   1055.00000       1.88304625E-08
   1060.00000       1.86360616E-08
   1065.00000       1.84973725E-08
   1070.00000       1.83459647E-08
   1075.00000       1.81983815E-08
   1080.00000       1.80524449E-08
   1085.00000       1.79082189E-08
   1090.00000       1.77656450E-08
   1095.00000       1.76246715E-08
   1100.00000       1.74853074E-08
