   300.000000       5.94759655       2.61799216       1.22704315      0.790603578      0.691674650    
   300.000000       6.45715284       3.44864130       2.32682681       2.15469909       2.33999777    
   300.000000       10.5045290       10.0464411       11.0623484       12.9896355       15.4325371    
   300.000000       22.9278355       30.2981987       37.8757782       46.2471581       55.6197090    
   300.000000       84.9927444       131.472839       171.831512       212.396591       256.388580    
   305.000000       28.9178753       18.4020824       10.6437874       6.40628099       4.37308931    
   305.000000       34.3654594       25.0979195       18.1556797       14.5268736       13.0271816    
   305.000000       77.6353302       78.2825775       77.8222275       79.0282974       81.7661667    
   305.000000       210.450943       241.531357       260.966980       277.013550       292.758484    
   305.000000       873.977112       1057.09692       1175.92969       1266.11707       1346.84338    
   310.000000       53.1199226       44.3301430       32.1151466       22.2648048       15.6874819    
   310.000000       64.3953323       58.0995750       47.3213158       38.2911224       32.2032661    
   310.000000       153.955292       167.469452       168.103088       165.587296       163.387238    
   310.000000       428.856995       503.177094       538.839233       556.319214       566.052673    
   310.000000       1802.22314       2180.32056       2390.97949       2508.35522       2577.70654    
   315.000000       84.4363632       81.9692383       68.2379456       53.0143967       40.3648911    
   315.000000       104.398552       106.566704       95.5531387       81.8554459       70.0098267    
   315.000000       262.957123       301.943024       312.516235       310.938354       305.477936    
   315.000000       749.648071       901.644958       978.478210       1014.10168       1028.24048    
   315.000000       3181.08057       3897.66284       4305.52100       4526.99658       4639.04980    
   320.000000       99.2177887       104.836960       95.1698914       80.2055130       65.5773087    
   320.000000       126.639427       139.393936       134.332825       122.313736       109.558754    
   320.000000       344.447998       413.878021       445.401917       456.777069       458.900940    
   320.000000       1013.00500       1256.39893       1400.21948       1483.40259       1531.19666    
   320.000000       4353.01221       5465.50293       6170.33984       6612.26465       6888.21973    
   325.000000       103.336929       114.221626       108.961517       96.4521103       82.5459747    
   325.000000       135.290680       154.932831       155.523026       146.882919       135.511566    
   325.000000       389.097595       478.299744       525.358521       547.452026       556.214355    
   325.000000       1168.15051       1470.86499       1660.55786       1776.98730       1847.54944    
   325.000000       5060.17822       6429.56738       7331.83789       7919.55518       8298.85938    
   330.000000       121.001488       137.148132       134.598740       122.574486       107.706825    
   330.000000       163.104507       190.700882       195.667145       188.433716       176.487823    
   330.000000       497.526459       616.067505       680.730103       711.549927       722.811462    
   330.000000       1524.02490       1921.71802       2169.61670       2317.23999       2399.73608    
   330.000000       6652.25195       8444.54492       9607.86328       10339.0186       10777.3916    
   335.000000       111.064590       128.224045       128.647903       119.845848       107.610161    
   335.000000       149.241852       177.338043       185.233475       181.435989       172.462143    
   335.000000       452.481781       567.447754       634.689575       670.643066       687.577942    
   335.000000       1383.26782       1764.87830       2014.28198       2172.25000       2268.71094    
   335.000000       6033.33105       7747.05518       8906.51172       9674.04492       10167.8066    
   340.000000       113.860107       133.133575       135.633621       128.359497       116.983070    
   340.000000       152.114243       182.846420       193.438889       191.802826       184.286499    
   340.000000       455.964813       577.712769       652.583008       695.729736       718.873962    
   340.000000       1388.62537       1789.74353       2061.91260       2242.51880       2359.77466    
   340.000000       6048.05273       7844.86133       9102.70410       9970.03711       10557.4600    
   345.000000       111.105103       131.522690       135.706009       130.006042       119.786781    
   345.000000       143.542679       174.013107       185.469620       184.975845       178.434311    
   345.000000       401.192566       511.512238       580.739258       621.597961       644.268372    
   345.000000       1192.04150       1547.45605       1794.00781       1961.79675       2074.13257    
   345.000000       5143.00000       6722.87061       7855.30957       8657.22266       9217.51172    
   350.000000       122.508247       146.515961       152.943420       148.256775       138.127747    
   350.000000       157.689301       192.945908       207.692245       209.105988       203.405884    
   350.000000       437.130463       561.736450       642.559143       692.427917       721.906494    
   350.000000       1294.86707       1693.72839       1977.37036       2175.97046       2313.42896    
   350.000000       5579.98584       7348.98438       8645.88086       9587.51953       10264.4287    
   355.000000       123.407005       148.281158       156.235596       153.152191       144.359650    
   355.000000       162.035049       199.621719       217.168213       221.274796       217.831253    
   355.000000       455.778473       590.036255       680.524841       739.306946       776.539429    
   355.000000       1362.41895       1795.05249       2110.67700       2338.21558       2500.99463    
   355.000000       5851.94043       7762.07764       9192.53613       10255.7256       11040.1895    
   360.000000       109.551064       132.176010       140.340454       138.820389       132.065140    
   360.000000       145.338623       180.062653       197.527740       203.120575       201.774780    
   360.000000       414.157990       539.764648       627.091797       686.113342       725.400879    
   360.000000       1241.38635       1646.66296       1948.97412       2172.41016       2336.73706    
   360.000000       5313.48682       7095.46191       8456.04980       9488.82910       10268.6729    
   365.000000       115.656410       140.329575       150.309601       150.166397       144.303223    
   365.000000       155.550842       194.024734       214.780457       223.015488       223.637558    
   365.000000       452.072754       593.122864       693.970642       764.478394       813.303162    
   365.000000       1361.88513       1817.66785       2164.26074       2425.83838       2622.56274    
   365.000000       5816.23877       7812.92236       9362.65918       10559.6973       11480.5225    
   370.000000       114.453194       138.962067       149.785370       150.949341       146.450058    
   370.000000       159.953033       200.544220       224.110260       235.336761       238.756332    
   370.000000       494.902466       653.884399       771.256897       856.559204       918.273865    
   370.000000       1519.85242       2041.11169       2445.53320       2757.50854       2997.60693    
   370.000000       6512.60791       8798.59961       10601.2998       12017.4492       13126.4941    
   375.000000       110.981316       136.149094       147.977127       150.190063       146.588959    
   375.000000       148.405548       187.067429       209.731827       220.622589       223.951874    
   375.000000       421.494110       558.623718       660.362244       734.576050       788.477112    
   375.000000       1255.06494       1692.75586       2035.85889       2303.35889       2511.62427    
   375.000000       5296.47705       7191.38379       8704.69727       9909.30859       10865.9814    
   380.000000       106.689041       130.006058       141.629105       144.664352       142.360626    
   380.000000       150.733170       190.234360       215.020279       228.736801       235.082321    
   380.000000       469.543213       626.192383       746.256653       837.288818       906.241211    
   380.000000       1440.42078       1953.82251       2364.03979       2690.52246       2950.13257    
   380.000000       6126.84668       8362.29395       10173.0781       11636.0811       12815.9961    
   385.000000       100.574837       123.392212       135.365814       139.219879       137.888458    
   385.000000       139.702423       177.130554       201.115921       214.826157       221.568176    
   385.000000       420.825104       563.228271       673.515442       758.039856       822.787720    
   385.000000       1275.08801       1736.48450       2109.02173       2408.73315       2649.74658    
   385.000000       5381.63184       7376.46729       9009.67188       10343.8125       11432.1562    
   390.000000       99.6077042       121.235336       133.123703       137.601578       137.238327    
   390.000000       148.364059       188.493668       215.755493       232.985764       243.185272    
   390.000000       496.266266       668.417175       805.376648       913.601990       999.172302    
   390.000000       1551.33032       2123.85498       2593.48828       2977.66968       3291.81274    
   390.000000       6603.53760       9093.26465       11155.9180       12861.5225       14270.1953    
   395.000000       96.6107101       118.353043       130.789536       136.022934       136.440002    
   395.000000       143.435410       183.194977       210.742218       228.631271       239.635666    
   395.000000       475.430237       642.935120       777.619934       885.239746       971.309937    
   395.000000       1480.35950       2034.54199       2493.52612       2872.75586       3186.04590    
   395.000000       6274.99219       8674.05859       10680.3115       12355.4229       13752.8057    
   400.000000       113.637886       136.996689       150.904205       157.386063       158.799026    
   400.000000       183.198898       233.695908       270.570831       296.465942       314.271210    
   400.000000       673.482239       915.256165       1114.01111       1276.73572       1410.07800    
   400.000000       2154.92627       2974.66382       3662.55664       4238.72607       4721.17627    
   400.000000       9198.83789       12766.6553       15780.2822       18322.2832       20464.6562    
   405.000000       114.444252       138.213730       152.804840       160.080948       162.268890    
   405.000000       184.818100       236.381821       274.688599       302.178680       321.581635    
   405.000000       678.096619       924.481262       1129.02051       1298.19849       1438.26843    
   405.000000       2166.12354       3000.20605       3706.20312       4302.79785       4806.87207    
   405.000000       9218.44238       12837.8477       15920.4414       18542.7246       20771.9531    
   410.000000       111.140358       135.058899       150.126373       158.045822       160.907837    
   410.000000       177.193207       227.523239       265.309174       292.751007       312.376068    
   410.000000       641.145508       876.988586       1074.34802       1238.91418       1376.28223    
   410.000000       2040.61438       2836.04028       3514.73828       4092.92725       4585.45557    
   410.000000       8690.77930       12145.2988       15111.2793       17654.9707       19835.1953    
   415.000000       116.695374       141.927475       158.162918       167.043106       170.639069    
   415.000000       177.526138       227.344620       264.879333       292.194763       311.736359    
   415.000000       620.157288       848.876953       1041.39453       1202.85278       1338.42151    
   415.000000       1948.25012       2713.75391       3371.28955       3935.23682       4418.93945    
   415.000000       8212.07227       11509.2656       14360.0156       16822.2637       18947.9043    
   420.000000       110.991264       134.646103       150.248444       159.188171       163.266190    
   420.000000       171.905548       220.437332       257.738159       285.588409       306.137115    
   420.000000       606.858521       833.022034       1025.25891       1188.13806       1326.29431    
   420.000000       1910.71790       2669.36841       3326.05737       3893.71313       4384.42139    
   420.000000       8036.00830       11296.1846       14134.7842       16604.0059       18750.9375    
   425.000000       108.756042       131.713150       147.192917       156.416763       161.009644    
   425.000000       170.800293       219.351379       257.301056       286.236145       308.109589    
   425.000000       605.958862       834.017944       1029.56445       1196.74805       1339.82178    
   425.000000       1909.27869       2674.97217       3342.52856       3923.77246       4429.84668    
   425.000000       8008.57568       11290.3008       14166.7764       16685.7461       18890.5957    
   430.000000       101.548248       125.114609       141.246231       151.093506       156.230545    
   430.000000       149.905548       193.590347       227.484512       253.002945       271.958435    
   430.000000       483.344849       665.752747       822.125366       955.701599       1069.93982    
   430.000000       1481.15405       2078.68750       2601.57422       3058.51050       3457.88013    
   430.000000       6133.31836       8666.32422       10898.0381       12862.6025       14591.3613    
   435.000000       105.740440       128.591476       144.536728       154.596451       160.196503    
   435.000000       166.866425       215.369308       254.091034       284.360046       307.881927    
   435.000000       581.578003       804.116699       997.366394       1164.74597       1309.85925    
   435.000000       1821.56152       2564.46582       3219.75244       3797.09131       4305.76172    
   435.000000       7581.87549       10742.1250       13543.7939       16025.5898       18223.1543    
   440.000000       115.457367       141.039886       159.195236       170.952637       177.797577    
   440.000000       180.327393       233.361389       276.023438       309.643219       335.980621    
   440.000000       613.699158       850.125977       1056.50793       1236.18176       1392.74097    
   440.000000       1908.43347       2692.76147       3388.27026       4004.29321       4549.90088    
   440.000000       7901.86865       11222.4785       14182.1963       16818.1152       19164.6621    
   445.000000       113.811729       137.778214       155.049744       166.504471       173.444611    
   445.000000       182.051086       235.092667       278.438202       313.260315       341.131775    
   445.000000       641.660461       890.530273       1109.49084       1301.69812       1470.54736    
   445.000000       2010.35352       2842.38965       3584.32275       4245.21484       4833.88867    
   445.000000       8300.48535       11812.5918       14957.9619       17772.7988       20290.8711    
   450.000000       116.275887       139.907028       157.172806       168.860764       176.174255    
   450.000000       187.624054       241.869476       286.716125       323.236633       352.897217    
   450.000000       677.380249       941.771851       1175.94214       1382.92114       1565.97913    
   450.000000       2129.56689       3017.06714       3812.60498       4525.01416       5162.91406    
   450.000000       8743.78027       12469.3281       15821.7021       18836.1719       21545.7227    
   455.000000       119.091385       144.436356       163.128632       175.946060       184.114655    
   455.000000       185.797592       239.964523       284.739685       321.146240       350.637360    
   455.000000       652.444458       908.237000       1135.47644       1336.90198       1515.55591    
   455.000000       2030.24841       2881.35327       3647.32983       4335.98438       4955.05078    
   455.000000       8249.80664       11788.2158       14986.1113       17874.1699       20481.3086    
   460.000000       119.669342       144.997742       163.850250       176.946304       185.450333    
   460.000000       184.861816       238.535309       283.144714       319.631531       349.366821    
   460.000000       649.620667       905.367065       1133.59790       1336.83826       1517.93152    
   460.000000       2016.13452       2866.02881       3634.15527       4327.69482       4953.82080    
   460.000000       8130.00879       11638.1602       14821.8154       17708.9863       20326.2188    
   465.000000       120.026657       145.716415       165.014832       178.592056       187.567581    
   465.000000       182.520737       235.525360       279.730347       316.005280       345.655426    
   465.000000       636.526978       887.968262       1113.11450       1314.28333       1494.13013    
   465.000000       1965.95679       2798.46387       3553.44556       4237.45996       4857.11523    
   465.000000       7861.33936       11270.5947       14375.1416       17200.3438       19770.3398    
   470.000000       120.548065       146.914368       166.894592       181.124466       190.694733    
   470.000000       182.690582       236.365982       281.336304       318.421509       348.884735    
   470.000000       626.476746       875.178040       1098.61316       1298.91821       1478.58691    
   470.000000       1926.48462       2746.48608       3492.70850       4171.14209       4787.88672    
   470.000000       7647.55566       10981.7334       14028.6367       16811.2188       19351.4453    
   475.000000       121.893890       147.912292       167.750763       182.006516       191.713699    
   475.000000       188.616043       244.114441       291.024139       330.125702       362.624969    
   475.000000       654.652466       916.060791       1152.05579       1364.69885       1556.39465    
   475.000000       2021.43396       2886.73022       3677.27075       4398.87207       5057.45605    
   475.000000       7994.26172       11498.5459       14712.4463       17658.1934       20357.0762    
   480.000000       125.550629       152.758102       173.650269       188.810547       199.272446    
   480.000000       193.296188       250.609146       299.250854       339.975433       373.976929    
   480.000000       658.138367       922.022766       1161.07043       1377.20667       1572.72717    
   480.000000       2019.49524       2888.35376       3685.03247       4414.88672       5083.43896    
   480.000000       8007.97363       11538.0557       14787.7002       17777.3516       20526.7246    
   485.000000       122.966354       150.935150       172.632462       188.595291       199.819870    
   485.000000       186.559921       242.900681       290.817535       330.998657       364.582367    
   485.000000       615.500488       863.210999       1087.97937       1291.51355       1475.91040    
   485.000000       1869.97583       2677.36450       3419.35132       4100.62598       4726.08984    
   485.000000       7423.93896       10709.2021       13741.0801       16537.4648       19115.6719    
   490.000000       124.404839       152.159470       173.899094       190.101105       201.689972    
   490.000000       189.920181       247.026260       295.965118       337.360199       372.273224    
   490.000000       627.109558       880.080200       1110.52197       1320.03247       1510.58960    
   490.000000       1905.09229       2730.61011       3491.61719       4192.55957       4838.09180    
   490.000000       7565.37109       10926.7422       14037.6611       16915.1914       19575.8418    
   495.000000       127.336319       155.802017       178.240829       195.104965       207.298813    
   495.000000       193.634827       251.921310       302.066589       344.661072       380.739777    
   495.000000       633.003906       888.916626       1122.67651       1335.78931       1530.15613    
   495.000000       1917.43347       2751.07690       3521.60596       4233.20410       4890.30225    
   495.000000       7588.08301       10972.3594       14112.6807       17025.0488       19725.0684    
   500.000000       122.890892       150.385651       172.136612       188.562958       200.511642    
   500.000000       186.090302       242.129211       290.472656       331.663483       366.665131    
   500.000000       602.111511       846.047363       1069.44055       1273.64807       1460.39990    
   500.000000       1818.35681       2611.61255       3346.76660       4027.55591       4657.95215    
   500.000000       7171.09375       10381.9248       13369.3564       16147.5996       18730.4883    
   505.000000       121.932594       149.006607       170.477203       186.746521       198.629623    
   505.000000       184.156097       239.447525       287.276642       328.159119       363.017151    
   505.000000       591.075439       830.898621       1051.10291       1252.94653       1438.05237    
   505.000000       1780.77808       2560.11328       3284.28735       3956.73022       4581.11328    
   505.000000       7000.49951       10146.8984       13082.1992       15819.3574       18371.0312    
   510.000000       122.884407       150.257309       172.120026       188.839294       201.194504    
   510.000000       185.382172       241.212021       289.725647       331.394104       367.096069    
   510.000000       591.489929       832.231812       1053.92200       1257.70923       1445.11731    
   510.000000       1778.88513       2560.28076       3288.31201       3966.10913       4597.08203    
   510.000000       6972.62061       10118.8662       13061.6631       15812.8066       18383.9570    
   515.000000       124.076477       152.459183       175.236176       192.760513       205.806259    
   515.000000       184.934357       241.112991       289.975037       331.970184       367.963867    
   515.000000       577.928162       813.600769       1030.90869       1230.92578       1415.10718    
   515.000000       1727.04236       2487.55566       3197.39941       3859.47290       4476.95557    
   515.000000       6738.27100       9787.58691       12645.3545       15322.4336       17829.5195    
   520.000000       148.630951       186.765259       216.767822       239.289230       255.570053    
   520.000000       207.477066       272.560883       327.899506       374.232849       412.885773    
   520.000000       585.175415       823.232056       1041.18774       1240.35583       1422.60181    
   520.000000       1689.62427       2433.48071       3126.95410       3773.03491       4375.16943    
   520.000000       6491.86133       9434.97656       12196.0410       14785.3359       17213.1816    
   525.000000       142.078445       176.805649       204.789108       226.433990       242.644180    
   525.000000       204.345352       267.673523       322.599548       369.619110       409.720856    
   525.000000       601.634521       847.449036       1074.27991       1283.20056       1475.74060    
   525.000000       1763.43066       2542.89160       3272.42529       3954.79517       4593.11182    
   525.000000       6800.34668       9893.40820       12802.3887       15537.3750       18108.3359    
   530.000000       139.457809       172.963257       199.961853       220.850143       236.495865    
   530.000000       200.702194       262.422638       316.053436       362.076508       401.439087    
   530.000000       589.209900       829.914001       1052.48792       1257.95496       1447.76697    
   530.000000       1725.38452       2489.51880       3206.15991       3877.91431       4507.70947    
   530.000000       6637.13379       9664.08789       12516.6094       15204.1514       17736.0195    
   535.000000       139.678192       173.358109       200.566757       221.688583       237.575134    
   535.000000       199.895187       261.395538       314.912811       360.910889       400.315125    
   535.000000       579.730713       816.716309       1036.18262       1239.09448       1426.84326    
   535.000000       1690.59985       2440.81055       3145.61206       3807.43506       4429.03271    
   535.000000       6479.42871       9442.09375       12239.1201       14879.2568       17371.1270    
   540.000000       136.270996       169.551056       196.558304       217.642426       233.608505    
   540.000000       193.386353       253.123550       305.193085       350.015625       388.462311    
   540.000000       551.672424       777.375916       986.661682       1180.39587       1359.86389    
   540.000000       1599.56946       2310.68286       2979.78687       3609.05054       4200.97070    
   540.000000       6104.40576       8902.26270       11548.0928       14049.6660       16414.6895    
   545.000000       141.815079       176.402603       204.508896       226.488647       243.162628    
   545.000000       200.290131       262.045074       315.936462       362.387543       402.282135    
   545.000000       574.082214       809.500488       1028.21899       1231.09900       1419.42749    
   545.000000       1663.18787       2404.60303       3103.57275       3762.23486       4383.05029    
   545.000000       6331.19580       9241.36133       11998.7324       14610.9189       17085.4141    
   550.000000       146.057617       182.261246       211.682541       234.680038       252.101379    
   550.000000       200.812622       262.530151       316.213104       362.279846       401.633148    
   550.000000       583.625854       823.720825       1047.02649       1254.37927       1447.06726    
   550.000000       1684.36670       2437.36792       3148.40625       3819.52100       4453.10742    
   550.000000       6385.41455       9328.93750       12122.9873       14774.7373       17291.3164    
   555.000000       161.986725       204.395447       238.931351       266.001251       286.575165    
   555.000000       216.262970       284.015442       342.684692       392.734558       435.187408    
   555.000000       586.996277       827.859009       1051.37061       1258.38489       1450.28162    
   555.000000       1660.72693       2402.95752       3103.89160       3765.51147       4390.23242    
   555.000000       6233.76611       9111.33203       11845.6162       14443.4102       16911.5391    
   560.000000       878.778381       1215.43298       1488.27502       1700.62244       1860.39441    
   560.000000       930.683960       1291.61926       1587.61133       1822.03174       2002.84875    
   560.000000       1284.04846       1810.28345       2263.87671       2648.56665       2972.65527    
   560.000000       2306.50098       3311.02637       4220.63525       5040.12695       5778.76855    
   560.000000       6644.61963       9678.46289       12522.8809       15187.1729       17684.7031    
   565.000000       169.318542       214.880585       251.892700       280.825287       302.732513    
   565.000000       221.425781       291.406250       351.728180       402.915466       446.070526    
   565.000000       575.022522       810.704895       1029.20605       1231.41235       1418.75403    
   565.000000       1597.19836       2311.89111       2987.65576       3626.42725       4230.58301    
   565.000000       5918.04053       8657.55957       11266.2246       13750.4014       16116.4736    
   570.000000       164.980667       208.413834       243.561432       270.909851       291.491730    
   570.000000       216.640244       284.319458       342.637146       392.132019       433.883850    
   570.000000       566.105408       797.803650       1012.86163       1212.17212       1397.13416    
   570.000000       1575.42542       2280.84082       2948.59399       3580.59961       4179.17871    
   570.000000       5826.42285       8527.01465       11101.4033       13555.8096       15896.4404    
   575.000000       169.964569       214.757675       250.928314       278.999695       300.049408    
   575.000000       222.135620       291.463684       351.111786       401.653992       444.213776    
   575.000000       573.992065       808.791016       1026.77771       1228.86975       1416.49951    
   575.000000       1589.32434       2301.61328       2976.50879       3615.91968       4222.16992    
   575.000000       5850.43555       8566.63770       11159.0723       13633.8066       15996.9082    
   580.000000       170.088394       215.351364       252.174255       281.018494       302.901489    
   580.000000       221.894867       291.566223       351.772369       403.022705       446.377563    
   580.000000       570.265076       804.069580       1021.51532       1223.43457       1411.17578    
   580.000000       1574.67529       2281.70312       2952.49731       3588.82031       4192.85205    
   580.000000       5775.27100       8461.39160       11028.1572       13481.2227       15826.2432    
   585.000000       191.402191       245.815308       290.587036       326.150116       353.603149    
   585.000000       243.765121       322.882538       391.340698       449.618286       498.855011    
   585.000000       594.871399       839.637390       1066.91895       1277.50293       1472.80469    
   585.000000       1606.32361       2328.28296       3013.09619       3662.43799       4278.51758    
   585.000000       5821.94580       8532.79492       11124.5498       13602.5859       15972.4219    
   590.000000       361.746490       488.501526       592.909790       675.930542       740.069580    
   590.000000       409.724976       559.114014       685.221924       789.049500       873.139099    
   590.000000       730.539551       1031.27380       1302.47900       1545.43457       1762.92590    
   590.000000       1653.97485       2390.34229       3079.19678       3722.61914       4324.09521    
   590.000000       5489.89697       8035.87158       10459.6279       12766.5781       14963.1162    
   595.000000       214.025513       278.152039       331.004242       373.084015       405.649261    
   595.000000       264.738617       352.842621       428.716644       492.905365       546.703613    
   595.000000       602.923279       850.923157       1080.32007       1291.94434       1487.33667    
   595.000000       1575.58203       2283.46118       2954.40820       3590.07397       4192.70752    
   595.000000       5602.75537       8214.70801       10713.8379       13105.1963       15393.9619    
   600.000000       182.392441       233.445526       275.585541       309.203461       335.285919    
   600.000000       232.789047       307.744812       372.882996       428.635406       476.023621    
   600.000000       567.980835       801.915222       1020.01599       1222.98669       1412.08130    
   600.000000       1531.28308       2222.10352       2879.80078       3505.85986       4102.20166    
   600.000000       5506.92725       8083.36182       10555.3184       12927.5049       15204.5977    
   605.000000       174.546234       222.173386       261.626862       293.239929       317.897217    
   605.000000       225.288635       297.035156       359.727661       413.737854       459.983368    
   605.000000       561.918396       793.674988       1010.53711       1213.13220       1402.59583    
   605.000000       1528.61938       2219.87769       2879.46948       3508.75659       4109.50000    
   605.000000       5505.75195       8087.45898       10568.4971       12953.2500       15246.0518    
   610.000000       170.082474       216.509232       255.188309       286.391907       310.926758    
   610.000000       219.885788       290.025146       351.574432       404.840454       450.659424    
   610.000000       549.464050       776.523987       989.419067       1188.68542       1375.35413    
   610.000000       1495.21448       2172.57031       2819.76416       3437.98950       4028.83765    
   610.000000       5374.16504       7898.38818       10326.8369       12663.4033       14911.9746    
   615.000000       184.673019       237.594742       281.884186       317.806488       346.233582    
   615.000000       234.244797       310.807800       377.921112       435.881348       485.586639    
   615.000000       561.496765       794.129578       1011.91644       1215.36169       1405.53674    
   615.000000       1499.89258       2180.05591       2829.89966       3450.52344       4043.49585    
   615.000000       5337.05029       7847.19385       10263.7451       12590.2373       14830.2734    
   620.000000       188.059372       242.472717       288.237244       325.572571       355.312134    
   620.000000       237.837479       316.021515       384.752991       444.281067       495.463379    
   620.000000       565.676636       800.414612       1020.40680       1226.09668       1418.50085    
   620.000000       1505.09180       2188.43164       2841.85742       3466.37036       4063.44287    
   620.000000       5335.03711       7847.30176       10267.8145       12599.8457       14846.7285    
   625.000000       254.149689       337.336456       407.434845       464.749451       510.509949    
   625.000000       301.952667       407.993195       500.188477       578.870239       645.289551    
   625.000000       616.060181       872.270081       1109.66125       1328.74390       1530.90979    
   625.000000       1515.50623       2201.72559       2854.88501       3476.00488       4066.88086    
   625.000000       5171.84180       7606.09180       9949.38867       12204.8291       14375.8496    
   630.000000       753.845337       1024.88330       1233.74451       1386.39441       1492.98535    
   630.000000       801.679138       1095.54138       1326.44714       1500.39026       1627.54590    
   630.000000       1115.28528       1558.78723       1934.22070       2247.76562       2509.74683    
   630.000000       2012.68933       2884.39478       3673.40356       4386.42725       5034.22119    
   630.000000       5650.32178       8257.75293       10723.1924       13055.5068       15267.1943    
   635.000000       384.357239       515.935974       621.327759       702.361328       762.740723    
   635.000000       432.661377       587.378601       715.169617       817.887024       899.253235    
   635.000000       748.659485       1054.74524       1329.06897       1573.63818       1792.29736    
   635.000000       1652.31128       2391.26196       3084.62134       3734.84082       4346.11279    
   635.000000       5305.02100       7793.68262       10180.8535       12470.7773       14669.0557    
   640.000000       173.031235       222.326996       264.555084       299.752258       328.488464    
   640.000000       221.091782       293.439087       357.998718       414.829498       464.517822    
   640.000000       534.826904       757.652588       967.990784       1166.04382       1352.50574    
   640.000000       1431.42786       2084.29492       2711.24316       3312.88501       3890.22266    
   640.000000       5045.68457       7432.07617       9738.40625       11966.9404       14119.9229    
   645.000000       193.549438       251.951920       302.229004       344.370941       378.996948    
   645.000000       241.523560       322.953827       395.549652       459.321503       514.903687    
   645.000000       554.043701       785.484985       1003.47308       1208.14966       1400.24768    
   645.000000       1446.60815       2106.48438       2739.71606       3346.81958       3928.81006    
   645.000000       5034.89502       7417.16455       9719.75781       11944.6982       14094.1338    
   650.000000       217.022720       286.335297       346.177399       396.503571       438.003021    
   650.000000       263.605682       355.277863       436.789734       508.114929       569.956238    
   650.000000       566.447998       803.482910       1025.87292       1233.71570       1427.80249    
   650.000000       1430.83777       2082.77539       2707.26782       3304.76709       3876.31616    
   650.000000       4896.66016       7212.17480       9448.91992       11608.7705       13693.7764    
   655.000000       236.522354       314.832916       382.452087       439.332214       486.267517    
   655.000000       282.077698       382.287750       471.151154       548.637329       615.552246    
   655.000000       577.652954       819.952881       1046.65442       1257.83813       1454.38611    
   655.000000       1420.79028       2068.40576       2688.29492       3280.85498       3847.18506    
   655.000000       4792.61426       7061.14307       9253.44434       11371.1816       13416.3223    
   660.000000       199.934753       262.322113       316.621674       362.709137       401.108215    
   660.000000       246.215546       330.884979       406.820374       473.913269       532.698059    
   660.000000       545.917236       774.879150       990.922241       1194.04065       1384.83789    
   660.000000       1400.31885       2040.63586       2656.10352       3247.00879       3814.15259    
   660.000000       4808.46924       7089.65332       9298.39844       11436.1602       13504.5244    
   665.000000       164.981384       212.043289       253.157074       288.202759       317.544769    
   665.000000       211.412521       280.853607       343.712341       399.883392       449.740479    
   665.000000       511.520081       725.608765       929.015991       1121.73071       1304.18689    
   665.000000       1366.58264       1992.79944       2596.65552       3178.40894       3738.66479    
   665.000000       4768.81787       7034.86426       9232.07910       11361.7900       13425.2852    
   670.000000       155.376083       198.591812       236.469299       268.877258       296.123322    
   670.000000       200.862869       266.021759       325.231628       378.374634       425.766174    
   670.000000       492.133759       697.804016       893.613953       1079.53223       1255.92371    
   670.000000       1321.44202       1927.17700       2511.91553       3075.87207       3619.55322    
   670.000000       4620.15137       6817.20947       8948.97461       11016.6406       13021.2764    
   675.000000       154.125717       197.100327       234.880249       267.314728       294.685730    
   675.000000       198.756104       263.280273       322.021515       374.841125       422.027832    
   675.000000       481.852112       683.067688       874.769226       1056.89429       1229.77441    
   675.000000       1287.31848       1877.44910       2447.44995       2997.47559       3527.97925    
   675.000000       4490.30615       6626.98291       8701.31445       10714.3203       12666.9365    
   680.000000       154.764664       198.183167       236.453171       269.405273       297.303162    
   680.000000       198.749161       263.423615       322.380341       375.460815       422.934601    
   680.000000       475.129120       673.367004       862.310364       1041.86914       1212.34961    
   680.000000       1260.93042       1838.91492       2397.43506       2936.59619       3456.80835    
   680.000000       4384.84814       6472.49756       8500.25391       10468.9971       12379.5518    
   685.000000       356.084259       487.846436       603.084839       701.553040       784.298584    
   685.000000       396.814941       548.532715       683.191833       800.540344       901.632202    
   685.000000       650.354187       926.291199       1181.83997       1416.71399       1632.00769    
   685.000000       1370.70129       1999.56580       2598.58228       3167.36597       3707.12573    
   685.000000       4233.60400       6265.12061       8229.19434       10125.0469       11954.3447    
   690.000000       218.556915       281.662994       333.878754       376.489716       410.955658    
   690.000000       256.800079       338.863831       409.511017       469.994385       521.779358    
   690.000000       492.633972       691.603882       875.912048       1046.60913       1205.19507    
   690.000000       1162.19641       1693.07776       2200.08398       2683.69165       3145.49951    
   690.000000       3822.50928       5672.14502       7461.29834       9188.16699       10854.7383    
   695.000000       302.299713       409.978912       503.918152       583.837280       650.534119    
   695.000000       342.775146       469.996246       582.936707       681.324829       765.963379    
   695.000000       595.338623       844.499817       1076.00647       1289.63977       1486.23303    
   695.000000       1310.22449       1904.53955       2471.65015       3011.48730       3524.97070    
   695.000000       4141.80176       6103.22998       7999.62793       9831.51855       11600.1660    
   700.000000       217.199463       289.269135       353.061676       408.240082       455.164185    
   700.000000       255.204071       345.650299       427.332611       499.922607       563.783752    
   700.000000       503.864410       714.546570       913.280029       1099.79211       1274.47083    
   700.000000       1202.94519       1751.65735       2279.46704       2786.25854       3272.48828    
   700.000000       3950.52393       5827.78564       7648.95508       9414.53125       11125.2432    
   705.000000       192.173401       253.053894       307.076141       353.928101       393.879791    
   705.000000       228.864624       307.509979       378.840851       442.552917       498.918427    
   705.000000       477.369171       676.333496       864.893188       1042.79639       1210.33032    
   705.000000       1172.53198       1708.07458       2224.56836       2721.90820       3200.42261    
   705.000000       3887.66284       5737.79541       7535.11768       9280.09668       10973.2227    
   710.000000       180.889587       237.256485       287.405334       331.023407       368.336395    
   710.000000       216.848755       290.652283       357.806396       418.004608       471.474152    
   710.000000       459.851593       651.487427       833.558716       1005.80121       1168.45251    
   710.000000       1139.29224       1660.38953       2163.77148       2649.29199       3117.21753    
   710.000000       3787.04248       5592.03613       7347.55176       9053.90234       10711.4678    
   715.000000       189.167969       249.184006       302.452301       348.667023       388.090668    
   715.000000       224.458252       301.566498       371.492249       433.937012       489.165924    
   715.000000       462.416962       654.776306       837.021606       1008.90375       1170.70593    
   715.000000       1127.43384       1641.88232       2138.02417       2615.74805       3075.38770    
   715.000000       3713.20215       5480.02197       7196.67969       8863.59961       10481.3135    
   720.000000       173.073074       224.974091       270.291626       308.985840       341.455353    
   720.000000       206.382416       274.347656       335.279694       389.152954       436.371094    
   720.000000       430.498352       606.548767       772.540039       928.542786       1074.99438    
   720.000000       1056.53162       1534.50122       1993.95935       2435.24487       2858.88989    
   720.000000       3485.35474       5134.68164       6732.70361       8280.80273       9779.87500    
   725.000000       484.393860       672.599731       837.771667       979.391785       1098.95251    
   725.000000       518.364868       722.969055       904.091064       1061.22156       1195.86255    
   725.000000       746.445862       1061.14832       1349.35938       1610.62610       1846.51575    
   725.000000       1383.25610       2005.35706       2592.56421       3144.58325       3663.16284    
   725.000000       3848.50122       5660.61523       7405.30762       9082.89844       10695.8389    
   730.000000       653.797119       921.845642       1159.94299       1366.83997       1543.42285    
   730.000000       687.260925       971.476990       1225.30615       1447.50989       1638.97656    
   730.000000       911.466125       1304.00354       1663.23450       1987.99304       2279.17944    
   730.000000       1537.16516       2231.99976       2885.37988       3496.34229       4065.82129    
   730.000000       3954.16626       5816.73926       7606.38232       9322.91699       10967.4072    
   735.000000       623.882568       880.356079       1109.49915       1309.75745       1481.94031    
   735.000000       657.491455       930.285767       1175.35999       1391.16541       1578.51184    
   735.000000       882.203613       1264.12109       1615.71277       1935.46704       2224.19824    
   735.000000       1509.03101       2195.34375       2844.06299       3453.77905       4025.32031    
   735.000000       3925.21680       5784.86035       7578.89404       9306.30566       10967.9736    
   740.000000       313.961975       432.079529       538.164001       631.417542       712.105103    
   740.000000       346.601501       480.605774       602.220276       710.651550       806.163635    
   740.000000       564.389221       804.398010       1029.63684       1239.34167       1433.77063    
   740.000000       1171.62695       1707.19849       2221.36353       2713.44067       3183.67041    
   740.000000       3507.35156       5179.79785       6805.31006       8383.52441       9914.61426    
   745.000000       326.041656       449.527100       560.614075       658.451599       743.278809    
   745.000000       358.912628       498.422180       625.189026       738.365906       838.190735    
   745.000000       577.805786       824.022461       1055.20398       1270.52820       1470.22461    
   745.000000       1187.85400       1731.45984       2253.64160       2753.64746       3231.68262    
   745.000000       3529.47583       5214.58691       6853.75098       8446.48340       9992.90039    
   750.000000       309.612152       425.837646       530.522949       622.850952       703.025513    
   750.000000       343.200958       475.810394       596.533752       704.557434       800.083801    
   750.000000       557.553284       794.719604       1017.79205       1225.98047       1419.47705    
   750.000000       1157.72314       1687.64062       2197.28271       2685.92456       3153.73047    
   750.000000       3458.65820       5110.92676       6719.22168       8283.06738       9802.52148    
   755.000000       447.000641       626.159851       787.816956       930.670166       1054.97852    
   755.000000       481.382507       677.319702       855.404724       1014.33923       1154.38037    
   755.000000       691.488342       989.954956       1268.43030       1525.63647       1761.82031    
   755.000000       1282.68640       1869.65161       2430.60620       2964.33081       3471.04150    
   755.000000       3546.64429       5238.39746       6881.08936       8473.72363       10016.4014    
   760.000000       235.391190       303.040955       357.079742       399.973022       433.906952    
   760.000000       258.137726       338.731293       405.717255       461.445709       508.039246    
   760.000000       391.472626       547.939880       690.819153       821.784302       942.585571    
   760.000000       768.507629       1139.52502       1497.01013       1840.72412       2171.36499    
   760.000000       2210.70728       3402.40186       4580.77783       5738.27930       6871.57861    
   765.000000       231.781860       292.496307       338.031921       371.587830       395.801361    
   765.000000       255.164337       328.658600       386.774536       432.637665       468.854828    
   765.000000       390.908264       538.594177       669.743469       787.054504       892.957336    
   765.000000       774.936157       1132.51477       1470.27991       1789.72144       2092.76929    
   765.000000       2239.86060       3398.10254       4524.03076       5614.52539       6669.60889    
   770.000000       617.465149       873.872070       1104.99915       1309.15869       1486.72803    
   770.000000       649.398193       921.419861       1167.82507       1386.93213       1579.10864    
   770.000000       849.742615       1219.72961       1561.98804       1874.87390       2158.69507    
   770.000000       1409.91211       2053.81348       2664.08057       3239.17505       3779.23730    
   770.000000       3531.50854       5212.83838       6838.16602       8406.35449       9916.90918    
   775.000000       683.310608       969.942993       1228.09741       1455.75586       1653.47595    
   775.000000       713.809692       1015.34692       1288.10852       1530.07959       1741.81580    
   775.000000       920.056152       1322.38550       1693.92700       2032.68518       2339.20288    
   775.000000       1490.60730       2171.76392       2816.56543       3423.07129       3991.78882    
   775.000000       3637.30664       5367.55078       7040.49365       8654.40039       10209.6436    
   780.000000       892.096985       1275.79150       1623.03186       1930.89685       2199.71460    
   780.000000       922.390869       1320.89966       1682.66479       2004.76758       2287.53418    
   780.000000       1126.82532       1625.30664       2085.08960       2503.27441       2880.17310    
   780.000000       1691.95081       2466.78931       3197.52686       3881.31470       4518.42578    
   780.000000       3818.45850       5633.20068       7383.51074       9066.73438       10682.9980    
   785.000000       849.388184       1213.92310       1544.19336       1837.36865       2093.69360    
   785.000000       879.367310       1258.56458       1603.21191       1910.48145       2180.61548    
   785.000000       1081.26208       1559.20374       2000.67285       2402.86035       2765.99243    
   785.000000       1638.96155       2389.66748       3098.59033       3762.97217       4382.99561    
   785.000000       3737.74487       5514.94092       7230.36914       8881.46387       10468.2432    
   790.000000       899.286926       1286.95129       1638.39014       1950.55481       2223.63965    
   790.000000       928.778748       1330.85352       1696.41333       2022.41309       2309.04492    
   790.000000       1126.98730       1625.91187       2086.37646       2505.35815       2883.03735    
   790.000000       1674.10950       2440.37158       3162.80566       3838.44873       4467.44922    
   790.000000       3733.30078       5505.73535       7214.13721       8855.77051       10430.6631    
   795.000000       696.754761       992.146973       1260.01233       1498.02551       1706.30493    
   795.000000       725.329712       1034.69348       1316.25537       1567.69299       1789.12292    
   795.000000       916.989380       1320.06360       1693.49194       2034.97107       2344.60400    
   795.000000       1445.65503       2107.21582       2734.04492       3323.89014       3876.81909    
   795.000000       3435.58691       5070.10889       6650.75342       8175.46582       9644.17578    
   800.000000       724.226562       1031.63940       1310.22412       1557.59509       1773.89600    
   800.000000       752.759521       1074.12817       1366.39722       1627.18384       1856.62939    
   800.000000       943.754883       1358.54199       1742.41162       2093.00049       2410.43457    
   800.000000       1470.21277       2142.49780       2778.85449       3376.97314       3936.93872    
   800.000000       3452.03735       5093.66016       6680.49219       8210.42578       9683.38770    
   805.000000       614.098206       872.038147       1106.26685       1314.72046       1497.43152    
   805.000000       642.001648       913.597595       1161.22131       1382.81189       1578.39954    
   805.000000       828.413269       1191.23938       1528.35022       1837.70312       2119.31348    
   805.000000       1341.87305       1955.98694       2539.58472       3090.67383       3609.22876    
   805.000000       3274.96362       4835.13525       6346.71484       7807.90039       9218.51270    
   810.000000       330.965088       458.794464       574.647949       677.521606       767.470825    
   810.000000       358.373871       499.614777       628.622375       744.395447       846.987244    
   810.000000       541.121521       771.783691       988.496399       1190.27563       1377.16199    
   810.000000       1044.13489       1520.92932       1979.05054       2417.56226       2836.46924    
   810.000000       2938.08862       4341.62402       5708.70068       7038.56055       8331.07617    
   815.000000       291.201508       396.944946       490.800690       572.505432       642.467590    
   815.000000       317.861786       436.587067       543.136108       637.257202       719.352905    
   815.000000       495.273132       700.386108       891.403198       1068.14905       1230.98755    
   815.000000       983.256958       1425.98608       1849.33923       2253.35083       2638.27881    
   815.000000       2820.80640       4158.30176       5456.53809       6716.34082       7937.56738    
   820.000000       274.889679       375.486938       465.710815       544.995178       613.595032    
   820.000000       300.684265       413.872345       516.428467       607.785950       688.199036    
   820.000000       472.003967       668.816284       853.279297       1024.82263       1183.69543    
   820.000000       942.905029       1369.57251       1779.17041       2171.11841       2545.65063    
   820.000000       2716.30493       4008.60083       5266.05029       6488.03516       7674.73535    
   825.000000       278.229095       379.703491       470.517578       550.217651       619.078918    
   825.000000       303.986908       418.029846       521.152222       612.905640       693.560730    
   825.000000       474.735626       672.095093       856.809326       1028.46423       1187.30017    
   825.000000       943.743164       1369.95422       1778.78247       2169.90845       2543.48950    
   825.000000       2710.18823       3998.33374       5251.25293       6468.98291       7651.36816    
   830.000000       1122.23474       1610.14368       2051.82178       2443.59619       2786.02661    
   830.000000       1147.92029       1648.36597       2102.32446       2506.12378       2860.33228    
   830.000000       1317.86719       1901.26111       2436.47192       2919.83350       3351.97095    
   830.000000       1784.35205       2595.42969       3353.66870       4055.41992       4701.46338    
   830.000000       3541.46997       5210.16846       6808.49219       8332.85547       9784.62305    
   835.000000       1215.36108       1751.12476       2239.22119       2675.25024       3058.89453    
   835.000000       1240.93359       1789.22095       2289.60742       2737.69580       3133.16797    
   835.000000       1409.81531       2040.80908       2622.35889       3150.08813       3623.67090    
   835.000000       1873.06030       2730.91895       3535.10132       4281.28711       4969.12793    
   835.000000       3618.14624       5330.62549       6973.48486       8542.61523       10037.5859    
   840.000000       1093.43506       1573.60754       2011.47839       2402.92334       2747.72925    
   840.000000       1118.83508       1611.47119       2061.58765       2465.06274       2821.68018    
   840.000000       1286.26550       1861.05811       2391.89502       2874.66821       3309.14429    
   840.000000       1745.21863       2545.21484       3297.31934       3997.46118       4645.35986    
   840.000000       3474.30566       5122.74805       6708.46826       8227.53809       9679.49707    
   845.000000       1328.34778       1917.99219       2456.48438       2938.81445       3364.44653    
   845.000000       1353.44250       1955.41614       2506.03174       3000.28125       3437.62598    
   845.000000       1518.55457       2201.64941       2832.03198       3404.70679       3919.11548    
   845.000000       1970.84790       2876.15918       3725.04858       4512.55371       5238.06494    
   845.000000       3675.01025       5417.59375       7089.77930       8686.72754       10207.6367    
   850.000000       650.463562       928.260742       1182.02039       1409.33594       1609.95605    
   850.000000       674.279602       963.781555       1229.05273       1467.68848       1679.43457    
   850.000000       830.692383       1197.06543       1537.93884       1850.92029       2135.73730    
   850.000000       1258.86877       1835.67517       2383.50781       2900.00928       3384.85571    
   850.000000       2872.31909       4242.07812       5569.77246       6853.17578       8091.77295    
   855.000000       564.598816       804.753113       1024.17688       1220.77942       1394.33215    
   855.000000       586.040527       836.737366       1066.53259       1273.33728       1456.92041    
   855.000000       726.604126       1046.41394       1344.20105       1617.88757       1867.22583    
   855.000000       1111.13806       1620.01709       2103.80688       2560.45874       2989.68066    
   855.000000       2560.27441       3781.67139       4966.42188       6112.58887       7219.71191    
   860.000000       489.445953       692.248047       877.414734       1043.18567       1189.35974    
   860.000000       513.452759       728.063538       924.850464       1102.05518       1259.47314    
   860.000000       670.549561       962.434631       1235.26257       1487.28699       1718.28406    
   860.000000       1100.02832       1603.16968       2083.88208       2540.45239       2972.60376    
   860.000000       2718.69678       4018.04517       5282.25684       6509.74316       7700.02686    
   865.000000       1314.63708       1896.90649       2427.27075       2900.52710       3316.25635    
   865.000000       1338.01501       1931.78674       2473.47144       2957.86816       3384.55444    
   865.000000       1490.72375       2159.63062       2775.26245       3332.42920       3830.68945    
   865.000000       1907.93201       2782.11157       3599.77100       4355.74951       5049.55371    
   865.000000       3480.50391       5128.41309       6707.56885       8212.92383       9643.78516    
   870.000000       571.160645       812.304077       1032.62842       1229.96326       1404.08044    
   870.000000       593.655518       845.869568       1077.09106       1285.15125       1469.81934    
   870.000000       741.624573       1066.65955       1369.56152       1648.17188       1902.24182    
   870.000000       1144.65967       1668.04297       2166.18677       2636.96045       3080.06567    
   870.000000       2659.21069       3927.95996       5159.79590       6352.69385       7506.16797    
   875.000000       1302.03687       1882.51868       2414.64526       2893.19238       3317.28638    
   875.000000       1324.26343       1915.68701       2458.58594       2947.73779       3382.26587    
   875.000000       1470.15100       2133.39258       2746.99780       3305.75488       3808.76782    
   875.000000       1867.24829       2725.97412       3532.03784       4280.25635       4969.68115    
   875.000000       3359.14673       4952.30859       6481.44141       7941.46729       9331.24414    
   880.000000       1075.58398       1551.63538       1988.15759       2380.85010       2728.97119    
   880.000000       1097.63586       1584.54468       2031.75708       2434.97437       2793.45215    
   880.000000       1240.57385       1797.85913       2314.36499       2785.80298       3211.41040    
   880.000000       1630.44958       2379.69287       3085.20215       3742.71802       4351.42773    
   880.000000       3099.68457       4572.31543       5990.07959       7348.82422       8647.54883    
   885.000000       2266.12036       3294.24072       4237.53809       5086.70166       5840.03369    
   885.000000       2288.32129       3327.37329       4281.43408       5141.19531       5904.95605    
   885.000000       2429.95288       3538.74268       4561.47070       5488.83838       6319.12842    
   885.000000       2816.93164       4116.26562       5326.61230       6438.70166       7450.76855    
   885.000000       4277.02441       6295.29150       8213.53320       10022.5889       11720.5098    
   890.000000       2272.85327       3302.49854       4246.20996       5094.78223       5846.65869    
   890.000000       2294.96045       3335.49072       4289.91943       5149.04297       5911.30273    
   890.000000       2433.45166       3542.16943       4563.73682       5488.95996       6316.26465    
   890.000000       2812.42554       4107.73584       5313.02441       6419.12646       7424.42285    
   890.000000       4242.36719       6241.72754       8140.23047       9928.82422       11605.7178    
   895.000000       1362.24536       1963.86475       2511.13940       2999.47852       3428.78711    
   895.000000       1383.96619       1996.22498       2553.94336       3052.53418       3491.90503    
   895.000000       1517.61511       2195.33911       2817.31689       3378.98706       3880.27319    
   895.000000       1883.89722       2741.03662       3539.12622       4273.67285       4944.64600    
   895.000000       3266.00049       4800.13379       6262.75098       7649.61816       8960.87598    
   900.000000       965.497437       1377.13965       1747.21375       2074.07275       2357.84741    
   900.000000       985.960754       1407.64624       1787.57422       2124.10254       2417.35767    
   900.000000       1109.66089       1592.05798       2031.55176       2426.53076       2777.09473    
   900.000000       1449.19629       2098.23584       2701.22754       3256.64380       3764.51050    
   900.000000       2730.42261       4008.28247       5228.22803       6389.04932       7490.49268    
   905.000000       689.431519       982.571899       1249.20935       1487.22437       1696.58948    
   905.000000       710.411743       1013.85242       1290.60791       1538.56055       1757.67810    
   905.000000       835.037048       1199.66260       1536.52002       1843.50317       2120.55225    
   905.000000       1177.63733       1710.46289       2212.54321       2681.80396       3118.10889    
   905.000000       2470.47632       3638.02246       4763.58936       5845.22168       6882.49561    
   910.000000       524.259827       735.778870       924.332397       1089.28503       1231.30615    
   910.000000       544.695984       766.215698       964.575928       1139.14514       1290.59009    
   910.000000       664.009216       943.916504       1199.53174       1430.24573       1636.71021    
   910.000000       992.512329       1433.17725       1846.43152       2231.72827       2589.67700    
   910.000000       2232.19971       3279.52271       4287.66699       5256.31934       6185.93164    
   915.000000       490.144897       686.773193       861.994568       1015.27441       1146.96716    
   915.000000       510.745453       717.437622       902.517578       1065.46326       1206.61987    
   915.000000       628.982910       893.436768       1135.10059       1353.52344       1548.99792    
   915.000000       955.027893       1378.76208       1776.45837       2147.86182       2493.12036    
   915.000000       2185.48413       3210.32397       4196.86865       5145.60352       6056.12988    
   920.000000       413.248871       578.914490       728.211853       860.201721       975.188965    
   920.000000       433.714264       609.397827       768.524658       910.160217       1034.61267    
   920.000000       549.211365       781.431396       996.031006       1192.10242       1369.97217    
   920.000000       868.194275       1256.55811       1624.36389       1970.77771       2296.17676    
   920.000000       2072.04321       3049.69727       3995.70728       4909.51660       5791.69434    
   925.000000       431.970612       608.083313       767.876892       910.059875       1034.63843    
   925.000000       452.775726       639.084351       808.888062       960.899780       1095.12561    
   925.000000       568.249023       811.147278       1036.50977       1243.07312       1430.84302    
   925.000000       887.662903       1287.09534       1666.14038       2023.60083       2359.48047    
   925.000000       2093.18311       3083.40088       4042.46948       4969.43945       5864.31006    
   930.000000       1417.61731       2003.58850       2519.10645       2964.65479       3342.97729    
   930.000000       1436.51074       2031.86365       2556.58423       3011.14893       3398.29297    
   930.000000       1539.07983       2185.36499       2760.04492       3263.55786       3698.59326    
   930.000000       1823.72974       2611.36206       3324.68921       3964.04346       4531.98730    
   930.000000       2901.94580       4224.98291       5463.48730       6617.38965       7688.77246    
   935.000000       960.014587       1309.35046       1594.91199       1822.49207       2000.76904    
   935.000000       974.699341       1331.79553       1625.01477       1860.10803       2045.73950    
   935.000000       1051.69238       1449.47559       1782.84509       2057.33008       2281.52222    
   935.000000       1266.90906       1778.42346       2224.02368       2608.61987       2940.59839    
   935.000000       2091.61304       3038.94263       3914.60767       4721.14648       5466.16064    
   940.000000       2097.23413       2965.76953       3736.79663       4406.17725       4974.43262    
   940.000000       2114.54663       2991.73560       3771.24414       4448.92627       5025.28809    
   940.000000       2203.85596       3125.68530       3948.94604       4669.45264       5287.63525    
   940.000000       2457.90967       3506.72607       4454.44629       5296.77441       6033.92041    
   940.000000       3462.65747       5013.68896       6453.62939       7777.74512       8985.37598    
   945.000000       1433.48132       2014.96338       2513.91504       2930.25610       3272.12915    
   945.000000       1448.75073       2038.10559       2544.80371       2968.73706       3318.03564    
   945.000000       1531.88916       2164.10913       2712.98413       3178.25757       3567.98486    
   945.000000       1775.41260       2533.19043       3205.60742       3791.97046       4300.11963    
   945.000000       2793.50757       4076.20312       5265.11035       6357.71143       7360.94385    
   950.000000       1942.92297       2608.98682       3116.41162       3491.74414       3758.85669    
   950.000000       1958.28320       2632.14917       3147.23682       3530.07886       3804.53955    
   950.000000       2043.18091       2760.16943       3317.61060       3741.95679       4057.03101    
   950.000000       2290.73633       3133.46753       3814.40771       4359.77832       4793.27832    
   950.000000       3320.99951       4687.03955       5881.95264       6930.99561       7857.35449    
   955.000000       927.169800       1304.37524       1633.65833       1915.42773       2151.62378    
   955.000000       942.703796       1327.65112       1664.53406       1953.75208       2197.23584    
   955.000000       1029.84900       1458.22839       1837.74646       2168.75122       2453.11719    
   955.000000       1282.83301       1837.29639       2340.58496       2792.89771       3195.94556    
   955.000000       2330.96265       3407.79980       4423.87793       5378.77686       6273.53223    
   960.000000       600.755188       819.367126       1004.37897       1159.55176       1288.58191    
   960.000000       616.873840       843.399475       1036.17676       1198.96277       1335.45483    
   960.000000       708.645325       980.227295       1217.21729       1423.34900       1602.32568    
   960.000000       973.900940       1375.71350       1740.49548       2071.91333       2373.68726    
   960.000000       2067.98315       3006.94922       3898.82617       4747.00342       5555.27051    
   965.000000       563.452271       791.434570       994.327454       1171.54163       1324.01074    
   965.000000       579.699646       815.639526       1026.33521       1211.19824       1371.16272    
   965.000000       673.570923       955.487122       1211.26428       1440.31970       1643.58984    
   965.000000       943.736572       1357.97437       1743.49805       2099.74097       2427.64673    
   965.000000       2053.15698       3010.76636       3929.08716       4807.61865       5647.33398    
   970.000000       2370.65479       3441.68311       4421.95410       5302.29492       6081.28271    
   970.000000       2387.55249       3466.89526       4455.35010       5343.74658       6130.66113    
   970.000000       2486.61450       3614.69873       4651.13232       5586.75439       6420.13623    
   970.000000       2770.52173       4038.29712       5212.23535       6283.20410       7249.76025    
   970.000000       3931.27588       5770.17822       7506.30566       9130.63770       10641.6768    
   975.000000       696.675964       991.429260       1258.06775       1494.73010       1701.58337    
   975.000000       712.834961       1015.52478       1289.96606       1534.29602       1748.68420    
   975.000000       808.945618       1158.84058       1479.69202       1769.62708       2028.83130    
   975.000000       1083.25818       1567.88257       2021.19458       2441.29248       2828.40771    
   975.000000       2199.92603       3233.00586       4225.53662       5175.50000       6083.31299    
   980.000000       3241.10400       4572.41260       5707.22119       6649.28955       7415.01660    
   980.000000       3257.32202       4596.60498       5739.26172       6689.05225       7462.37891    
   980.000000       3355.17920       4742.58057       5932.58887       6928.97803       7748.15576    
   980.000000       3633.34375       5157.52344       6482.13281       7610.97852       8560.49219    
   980.000000       4760.82959       6839.41504       8709.60156       10375.3369       11853.1416    
   985.000000       2325.16675       3386.58179       4365.25342       5251.19873       6041.72168    
   985.000000       2341.36841       3410.77612       4397.32715       5291.04053       6089.22021    
   985.000000       2440.53125       3558.85791       4593.63574       5534.89453       6379.93848    
   985.000000       2721.28345       3978.11060       5149.42871       6225.29834       7203.02539    
   985.000000       3854.41333       5670.23535       7392.63867       9011.80566       10525.0459    
   990.000000       2400.83936       3499.24194       4513.05811       5431.79541       6252.45654    
   990.000000       2416.66333       3522.89136       4544.43359       5470.79883       6298.98828    
   990.000000       2514.89819       3669.70581       4739.20996       5712.93066       6587.85498    
   990.000000       2791.93188       4083.73975       5288.50293       6395.77002       7402.49316    
   990.000000       3905.33569       5747.75049       7496.12158       9140.11621       10676.5391    
   995.000000       3850.60156       5625.84521       7265.58789       8752.74219       10082.2793    
   995.000000       3866.34692       5649.38232       7296.82178       8791.57910       10128.6221    
   995.000000       3965.47876       5797.57275       7493.46924       9036.09082       10420.3936    
   995.000000       4243.96387       6213.87500       8045.89844       9722.98438       11240.0498    
   995.000000       5358.51904       7880.00244       10256.8350       12472.0732       14520.4854    
   1000.00000       2700.36035       3939.95947       5085.43652       6124.81250       7054.48193    
   1000.00000       2715.79077       3963.02563       5116.04443       6162.87012       7099.89453    
   1000.00000       2814.30859       4110.29590       5311.46680       6405.85449       7389.83740    
   1000.00000       3090.01953       4522.44385       5858.37305       7085.86719       8201.26855    
   1000.00000       4188.89355       6165.10303       8038.12549       9796.12988       11435.3105    
   1005.00000       1742.94385       2536.50464       3269.87329       3935.35889       4530.64307    
   1005.00000       1757.65540       2558.49829       3299.06079       3971.65332       4573.95605    
   1005.00000       1852.89832       2700.88672       3488.02246       4206.62598       4854.36475    
   1005.00000       2118.44971       3097.88623       4014.87549       4861.76514       5636.18457    
   1005.00000       3172.47949       4673.66211       6106.06689       7462.14990       8739.39551    
   1010.00000       1736.79724       2527.17310       3257.73364       3920.80615       4514.05176    
   1010.00000       1751.62085       2549.33325       3287.14111       3957.37280       4557.68750    
   1010.00000       1848.92480       2694.79663       3480.17554       4197.40039       4844.11719    
   1010.00000       2119.22681       3098.88110       4016.40894       4864.17676       5639.79346    
   1010.00000       3187.73730       4696.23779       6136.15332       7499.96045       8785.12500    
   1015.00000       3806.91333       5561.22021       7181.41455       8650.68555       9964.02344    
   1015.00000       3821.34106       5582.79150       7210.04395       8686.28906       10006.5166    
   1015.00000       3917.35474       5726.34570       7400.57080       8923.22949       10289.2988    
   1015.00000       4183.10889       6123.68604       7927.92578       9579.05273       11072.0088    
   1015.00000       5229.39551       7688.03320       10004.1436       12161.0557       14153.5684    
   1020.00000       4448.52051       6506.40088       8410.02832       10139.3467       11688.0303    
   1020.00000       4462.62061       6527.48291       8438.00977       10174.1445       11729.5625    
   1020.00000       4557.74414       6669.71045       8626.77832       10408.9043       12009.7480    
   1020.00000       4820.10010       7061.97852       9147.41211       11056.3828       12782.5137    
   1020.00000       5848.86328       8600.16406       11188.9502       13595.3086       15812.7256    
   1025.00000       1646.42297       2395.24585       3087.79346       3716.75903       4279.85010    
   1025.00000       1660.41870       2416.17212       3115.56714       3751.29907       4321.07324    
   1025.00000       1756.12964       2559.27588       3305.49829       3987.50244       4602.98047    
   1025.00000       2019.18103       2952.58154       3827.50464       4636.68262       5377.77295    
   1025.00000       3046.57153       4488.70215       5866.28613       7172.16309       8403.85352    
   1030.00000       7441.33936       10898.1699       14097.1602       17004.5430       19609.4668    
   1030.00000       7454.97754       10918.5615       14124.2266       17038.2051       19649.6465    
   1030.00000       7549.50781       11059.9102       14311.8398       17271.5410       19928.1484    
   1030.00000       7808.41992       11447.0518       14825.6982       17910.6289       20690.9453    
   1030.00000       8815.65723       12953.1377       16824.7461       20396.8516       23658.4258    
   1035.00000       1721.42224       2505.91968       3231.68408       3891.03662       4481.53369    
   1035.00000       1734.66895       2525.72778       3257.97632       3923.73706       4520.56494    
   1035.00000       1827.72900       2664.88086       3442.68042       4153.45996       4794.76172    
   1035.00000       2081.75000       3044.71973       3946.85742       4780.52197       5543.22266    
   1035.00000       3066.09424       4516.61475       5900.56836       7210.41943       8443.54492    
   1040.00000       7882.56104       11545.1406       14934.5762       18015.1309       20775.2266    
   1040.00000       7895.60693       11564.6475       14960.4678       18047.3320       20813.6621    
   1040.00000       7988.48633       11703.5283       15144.8066       18276.5957       21087.3047    
   1040.00000       8241.16895       12081.3574       15646.3047       18900.3145       21831.7598    
   1040.00000       9216.52832       13539.7871       17582.1016       21307.8789       24705.3711    
   1045.00000       3531.51221       5160.23828       6666.58740       8034.75049       9259.68359    
   1045.00000       3544.35913       5179.44678       6692.08252       8066.45752       9297.52637    
   1045.00000       3637.04492       5318.03125       6876.01855       8295.20898       9570.54688    
   1045.00000       3888.37134       5693.81445       7374.77783       8915.49219       10310.8672    
   1045.00000       4854.76416       7138.76758       9292.59473       11300.5850       13157.5244    
   1050.00000       972.515015       1406.13538       1806.55005       2169.58911       2493.98389    
   1050.00000       985.138123       1425.00537       1831.58997       2200.72314       2531.13550    
   1050.00000       1077.41931       1562.95435       2014.64368       2428.32959       2802.73193    
   1050.00000       1326.83801       1935.80469       2509.40381       3043.50757       3536.80591    
   1050.00000       2282.23657       3364.00830       4404.58301       5399.94678       6348.67725    
   1055.00000       1469.62305       2134.19604       2747.51831       3303.27954       3799.58252    
   1055.00000       1481.94763       2152.61279       2771.94702       3333.64233       3835.80005    
   1055.00000       1573.23730       2289.02661       2952.89429       3558.54468       4104.06885    
   1055.00000       1819.18945       2656.55225       3440.40161       4164.47559       4826.83838    
   1055.00000       2757.74365       4059.03101       5300.73145       6476.70947       7584.92773    
   1060.00000       980.443726       1415.02173       1814.31470       2174.40137       2494.28223    
   1060.00000       992.358643       1432.81543       1837.90320       2203.70239       2529.21289    
   1060.00000       1081.61096       1566.10413       2014.59961       2423.19189       2790.87280    
   1060.00000       1321.40308       1924.20752       2489.32544       3012.88843       3493.86743    
   1060.00000       2233.21680       3285.90234       4294.47949       5255.22070       6167.01758    
   1065.00000       591.502625       844.937134       1076.91309       1285.23889       1469.45032    
   1065.00000       603.348450       862.620972       1100.34741       1314.33801       1504.12793    
   1065.00000       691.617126       994.391418       1274.96692       1531.16931       1762.52734    
   1065.00000       928.856262       1348.54993       1744.29053       2113.94507       2457.02515    
   1065.00000       1829.58411       2693.18652       3526.17554       4326.57520       5093.83057    
   1070.00000       2651.19165       3861.88159       4976.65625       5984.38818       6881.95312    
   1070.00000       2662.74976       3879.14380       4999.54150       6012.81836       6915.84814    
   1070.00000       2748.42676       4007.10181       5169.18408       6223.56152       7167.10059    
   1070.00000       2978.78687       4351.14355       5625.30273       6790.18750       7842.64502    
   1070.00000       3852.06543       5655.38037       7354.41406       8938.22559       10403.5850    
   1075.00000       5287.63525       7730.99902       9987.99902       12035.2334       13865.4551    
   1075.00000       5299.24414       7748.35010       10011.0195       12063.8525       13899.6016    
   1075.00000       5384.85107       7876.30322       10180.7842       12274.9062       14151.4111    
   1075.00000       5615.11035       8220.46094       10637.4023       12842.5791       14828.7070    
   1075.00000       6486.68066       9523.15820       12365.7803       14991.3174       17392.3906    
   1080.00000       1303.49463       1882.30786       2410.96362       2884.66406       3302.50781    
   1080.00000       1315.22241       1899.84070       2434.23096       2913.59692       3337.03564    
   1080.00000       1401.26636       2028.47571       2604.93872       3125.87061       3590.35986    
   1080.00000       1632.78625       2374.59619       3064.26440       3697.03931       4271.98340    
   1080.00000       2507.80371       3682.73975       4800.26221       5855.74121       6848.14404    
   1085.00000       9700.02441       14212.9844       18392.2012       22193.5840       25602.1641    
   1085.00000       9711.46387       14230.0820       18414.8867       22221.7871       25635.8145    
   1085.00000       9794.96973       14354.8926       18580.4805       22427.6602       25881.4531    
   1085.00000       10019.7441       14690.8457       19026.2148       22981.8125       26542.6465    
   1085.00000       10867.9854       15958.6514       20708.3047       25073.0469       29037.8164    
   1090.00000       1957.25293       2850.57471       3676.40552       4426.36182       5097.80615    
   1090.00000       1968.65881       2867.62646       3699.03467       4454.50098       5131.38818    
   1090.00000       2051.49951       2991.47388       3863.39087       4658.87842       5375.29492    
   1090.00000       2274.56567       3324.95947       4305.95459       5209.20752       6032.06543    
   1090.00000       3115.09644       4581.55859       5973.56982       7282.88965       8506.82910    
   1095.00000       6011.31055       8779.26562       11327.9443       13630.4287       15682.1201    
   1095.00000       6022.00000       8795.23438       11349.1211       13656.7432       15713.5039    
   1095.00000       6099.25195       8910.63965       11502.1631       13846.9189       15940.3105    
   1095.00000       6307.34668       9221.50586       11914.4131       14359.1963       16551.2617    
   1095.00000       7090.28809       10391.1211       13465.4756       16286.6035       18849.9238    
   1100.00000       5831.66846       8541.78516       11050.2266       13330.8887       15374.9453    
   1100.00000       5838.00781       8552.79102       11065.9639       13351.3428       15400.0742    
   1100.00000       5883.59521       8631.93848       11179.1357       13498.4385       15580.7852    
   1100.00000       6006.43896       8845.21777       11484.1006       13894.8164       16067.7461    
   1100.00000       6467.94043       9646.46582       12629.7939       15383.9346       17897.1699    
